%% ========== Exercise 02 ========== %%
% ===== Question 1 ===== %
x = 0.9843220774 (m)
y = 0.9072667556 (m)

% ===== Question 2 ===== %
x = 0.9235289111 (m)
y = 0.9124757580 (m)
var = 3.5103829887 (m)

% ===== Question 3 ===== %
x = 0.9235289111 (m)
y = 0.9124757580 (m)
var = 3.5103829887 (m)

