EO/IO Summary (27/04/2023 11:24am)
Project Name: C:\F64091091\230427\aus_230427.aus
______________________________________________________________________________________________________

Camera number: 1, name: Canon EOS 50D, ID: default
Calibration Date: see parameters
Resolution: 4752 x 3168 pixels, Pixel Size = 0.004693 mm

 c =   18.048480 mm
xp =   -0.230492 mm
yp =   -0.318234 mm
K1 =  5.7762e-04
K2 = -1.5925e-07
K3 = -3.5444e-09
P1 = -4.2080e-05
P2 = -2.5130e-05
B1 =  0.0000e+00
B2 =  0.0000e+00
K4 = -8.6768e-55
K5 = -1.5663e-60

Maximum observational radial distance encountered: 13.3mm
______________________________________________________________________________________________________

Camera number: 2, name: SONY DSC-RX0M2, ID: default
Calibration Date: see parameters
Resolution: 4800 x 3200 pixels, Pixel Size = 0.005000 mm

 c =   16.929153 mm
xp =    0.017055 mm
yp =   -0.000143 mm
K1 = -3.5754e-05
K2 =  2.3648e-07
K3 = -6.3931e-10
P1 =  4.7174e-05
P2 =  1.0327e-05
B1 =  0.0000e+00
B2 =  0.0000e+00
K4 =  5.0621e-56
K5 =  9.2712e-62

Maximum observational radial distance encountered: 13.9mm
______________________________________________________________________________________________________

Exterior orientation summary (Xc, Yc, Zc are in project units, rotations are in radians)

Camera    Image             Xc            Yc            Zc         Azimuth      Elevation        Roll
# 1   R1.JPG        0.8605        6.2495       -0.3144    0.00117568    0.00001807   -0.00001724
# 1   R10.JPG      565.5072      130.1498     -716.9432    0.25785031    0.21701983    1.60987025
# 1   R11.JPG      265.6621       60.2882     -605.7202    0.13849624    0.19799189    1.08010485
# 1   R12.JPG       46.1822       12.1661     -329.8251    0.03958993    0.11380896    0.51478577
# 1   R13.JPG       -0.0322        6.0841       -7.4797    0.00168609    0.00229402    0.01042979
# 1   R14.JPG       37.9925       10.5227     -308.8817    0.03521092    0.10705779    0.47957859
# 1   R15.JPG      210.5986       47.8251     -561.5939    0.11505344    0.18550975    0.96677675
# 1   R16.JPG      595.3264      137.1919     -718.6767    0.26914089    0.21558919    1.65881696
# 1   R17.JPG      910.6678      213.5665     -644.5409    0.38110081    0.16643963    2.19449541
# 1   R18.JPG     1147.8678      273.4702     -413.2799    0.45174832    0.06700215    2.72347801
# 1   R19.JPG     1236.8150      299.2113     -117.0329    0.46501296   -0.04463788   -3.08205964
# 1   R2.JPG      101.0387       34.3591      276.2008    0.01885357   -0.10574644   -0.45622715
# 1   R20.JPG     1176.7459      289.9039      194.9716    0.42355113   -0.15156082   -2.58714528
# 1   R21.JPG     1055.4324      263.5734      370.2103    0.36760271   -0.20630705   -2.24936540
# 1   R22.JPG      777.6223      199.7865      535.4761    0.25268956   -0.24693205   -1.71473519
# 1   R23.JPG      355.0994       98.3843      498.8876    0.09710898   -0.20373552   -1.00085615
# 1   R24.JPG       82.9751       29.7603      246.8210    0.01486781   -0.09402501   -0.40334889
# 1   R25.JPG       -3.7079        4.2104      -70.2922    0.00465780    0.02507733    0.10597599
# 1   R26.JPG        0.9189        1.3381      -70.5664   -0.00333002    0.02616121    0.10498722
# 1   R3.JPG      349.0630       96.8641      496.2609    0.09462874   -0.20243208   -0.98893136
# 1   R4.JPG      674.4461      175.4081      554.9612    0.21221202   -0.24721727   -1.54000148
# 1   R5.JPG      975.0277      245.4128      440.1015    0.33316573   -0.22642356   -2.07617168
# 1   R6.JPG     1196.1873      293.7724      148.8631    0.43398534   -0.13708894   -2.66576331
# 1   R7.JPG     1233.6289      297.8215     -156.1497    0.46679504   -0.03058153    3.14128820
# 1   R8.JPG     1123.0934      266.9089     -451.9620    0.44570038    0.08254077    2.65171642
# 1   R9.JPG      870.7071      203.7457     -664.7220    0.36811746    0.17683247    2.12223916
# 2   L1.JPG     -325.5901      571.2177     -573.2484   -0.26642991    0.08394263    0.04842876
# 2   L10.JPG      973.8748      876.9450     -890.3665    0.36284537    0.47945400    1.70381661
# 2   L11.JPG      523.1964      767.6384    -1040.4633    0.08172603    0.47150701    1.12114349
# 2   L12.JPG       20.1030      648.6252     -920.2202   -0.15876838    0.31490389    0.53054465
# 2   L13.JPG     -319.8920      573.0498     -582.4678   -0.26496061    0.09089189    0.05563103
# 2   L14.JPG       -7.8241      643.1774     -902.8190   -0.16910361    0.29926905    0.49812261
# 2   L15.JPG      419.2235      741.1135    -1041.0264    0.02586379    0.45080268    0.99814573
# 2   L16.JPG     1011.1363      885.9465     -864.8498    0.38865785    0.46940349    1.75864728
# 2   L17.JPG     1313.9239      965.5603     -479.8308    0.61516151    0.32533050    2.31151016
# 2   L18.JPG     1389.4395      989.6462       14.8516    0.72917427    0.09421144    2.80460996
# 2   L19.JPG     1231.8794      958.0126      448.6753    0.72663328   -0.14266353   -3.04751683
# 2   L2.JPG     -454.8347      544.5162     -151.9033   -0.26362689   -0.13947458   -0.36232323
# 2   L20.JPG      881.7924      881.2737      759.7967    0.61372060   -0.35854643   -2.57636068
# 2   L21.JPG      585.1387      809.3958      854.7125    0.47714932   -0.46475515   -2.22614733
# 2   L22.JPG      111.6107      697.8897      788.4827    0.20035839   -0.52050750   -1.63561419
# 2   L24.JPG     -449.0938      547.8049     -203.6977   -0.26267667   -0.11750041   -0.31366920
# 2   L26.JPG     -271.8520      586.1839     -660.5374   -0.23266181    0.13040076    0.14384350
# 2   L3.JPG     -357.2719      576.7497      340.4121   -0.14430089   -0.36724284   -0.86298439
# 2   L6.JPG      946.8481      894.7783      724.3621    0.64246437   -0.33382324   -2.65762144
# 2   L7.JPG     1261.8680      965.0810      399.3826    0.73542589   -0.11668150   -3.10408312
# 2   L8.JPG     1394.3339      989.7700      -54.0016    0.72447377    0.12906773    2.73854194
# 2   L9.JPG     1285.9313      957.0910     -541.9955    0.59276741    0.35504252    2.24011586

Camera    Image           Omega          Phi          Kappa
# 1   R1.JPG    1.57081440    0.00117568   -0.00001726
# 1   R10.JPG    1.79499376    0.25166933    1.55314666
# 1   R11.JPG    1.77065204    0.13577359    1.05269387
# 1   R12.JPG    1.68469377    0.03933368    0.51028749
# 1   R13.JPG    1.57309035    0.00168608    0.01042592
# 1   R14.JPG    1.67792001    0.03500925    0.47581465
# 1   R15.JPG    1.75751231    0.11307086    0.94546451
# 1   R16.JPG    1.79417600    0.26276106    1.59987818
# 1   R17.JPG    1.74983630    0.37556973    2.12820950
# 1   R18.JPG    1.64524300    0.45065988    2.69100343
# 1   R19.JPG    1.52086386    0.46451327   -3.05967564
# 1   R2.JPG    1.46503123    0.01874824   -0.45423693
# 1   R20.JPG    1.40480155    0.41838898   -2.51918194
# 1   R21.JPG    1.35017898    0.35944885   -2.17064039
# 1   R22.JPG    1.31610597    0.24486511   -1.65170475
# 1   R23.JPG    1.36612304    0.09509439   -0.98114874
# 1   R24.JPG    1.47676098    0.01480214   -0.40195290
# 1   R25.JPG    1.59587393    0.00465634    0.10585920
# 1   R26.JPG    1.59695768   -0.00332888    0.10507433
# 1   R3.JPG    1.36747932    0.09269086   -0.96985136
# 1   R4.JPG    1.31814193    0.20566611   -1.48732669
# 1   R5.JPG    1.33168128    0.32434592   -1.99863777
# 1   R6.JPG    1.41990242    0.42964158   -2.60251226
# 1   R7.JPG    1.53655379    0.46655942   -3.12648945
# 1   R8.JPG    1.66222629    0.44407444    2.61234661
# 1   R9.JPG    1.76003482    0.36210973    2.05449378
# 2   L1.JPG    1.65779383   -0.26546906    0.07130736
# 2   L10.JPG    2.07833067    0.32036781    1.53044208
# 2   L11.JPG    2.04365758    0.07279172    1.08395541
# 2   L12.JPG    1.88944673   -0.15089973    0.58009600
# 2   L13.JPG    1.66495573   -0.26384073    0.08025474
# 2   L14.JPG    1.87413679   -0.16151970    0.54841632
# 2   L15.JPG    2.02173020    0.02327945    0.98687514
# 2   L16.JPG    2.07217450    0.34474764    1.57549007
# 2   L17.JPG    1.96248723    0.57856045    2.08938269
# 2   L18.JPG    1.69683516    0.72521922    2.72076001
# 2   L19.JPG    1.38092981    0.71763888   -2.92180331
# 2   L2.JPG    1.42639856   -0.26100678   -0.39982913
# 2   L20.JPG    1.14098175    0.56959323   -2.33401103
# 2   L21.JPG    1.05694395    0.42304274   -1.99844765
# 2   L22.JPG    1.04152591    0.17353330   -1.53495809
# 2   L24.JPG    1.44916265   -0.26082308   -0.34518076
# 2   L26.JPG    1.70476540   -0.23065053    0.17464510
# 2   L3.JPG    1.20003885   -0.13461834   -0.91511006
# 2   L6.JPG    1.16202915    0.60175978   -2.41715339
# 2   L7.JPG    1.41402623    0.72929106   -2.99914338
# 2   L8.JPG    1.74240995    0.71713626    2.62512091
# 2   L9.JPG    1.99116539    0.55132442    2.01010606

Orientation Matrices:

   Image             R11           R12           R13           R21           R22           R23           R31           R32           R33
R1.JPG    0.99999931    0.00117568   -0.00001724    0.00001726   -0.00001805    1.00000000    0.00117568   -0.99999931   -0.00001807
R10.JPG    0.01709278   -0.21800440    0.97579809   -0.96834723   -0.24667469   -0.03814767    0.24902105   -0.94425933   -0.21532032
R11.JPG    0.49067486   -0.10677438    0.86477593   -0.86076519   -0.21356949    0.46202961    0.13535683   -0.97107533   -0.19670085
R12.JPG    0.87192919   -0.02141896    0.48916327   -0.48805034   -0.11825491    0.86476739    0.03932354   -0.99275224   -0.11356344
R13.JPG    0.99994423    0.00166207    0.01042957   -0.01042572   -0.00231147    0.99994298    0.00168608   -0.99999595   -0.00229402
R14.JPG    0.88837516   -0.01803987    0.45876370   -0.45778207   -0.11098360    0.88211009    0.03500210   -0.99365849   -0.10685341
R15.JPG    0.58162835   -0.08560646    0.80893757   -0.80559160   -0.19855243    0.55821063    0.11283008   -0.97634444   -0.18444757
R16.JPG   -0.02807970   -0.22879814    0.97306883   -0.96526815   -0.24674562   -0.08587202    0.25974783   -0.94168360   -0.21392301
R17.JPG   -0.49212130   -0.34206187    0.80050628   -0.78947608   -0.21209695   -0.57597083    0.36680260   -0.91542808   -0.16567223
R18.JPG   -0.81031551   -0.42339197    0.40512716   -0.39201605   -0.12220477   -0.91180558    0.43555963   -0.89766655   -0.06695203
R19.JPG   -0.89104172   -0.45001302   -0.05943858    0.07315518   -0.01313325   -0.99723409    0.44798770   -0.89292542    0.04462306
R2.JPG    0.89843819   -0.02956882   -0.43810331    0.43869964    0.10304286    0.89270645    0.01874714   -0.99423732    0.10554947
R20.JPG   -0.74239505   -0.42189274   -0.52043838    0.53270903    0.09936062   -0.84044545    0.40628892   -0.90118476    0.15098124
R21.JPG   -0.52843616   -0.37438869   -0.76196347    0.77267152    0.15977863   -0.61436920    0.35175836   -0.91340237    0.20484667
R22.JPG   -0.07840932   -0.27008240   -0.95963924    0.96699632    0.21347537   -0.13909129    0.24242546   -0.93887367    0.24443023
R23.JPG    0.55355580   -0.11722903   -0.82452006    0.82738157    0.19028950    0.52842184    0.09495114   -0.97470368    0.20232899
R24.JPG    0.92019792   -0.02317226   -0.39076697    0.39117348    0.09217817    0.91568908    0.01480160   -0.99547287    0.09388653
R25.JPG    0.99439137    0.00197934    0.10574448   -0.10566045   -0.02542645    0.99407714    0.00465632   -0.99967474   -0.02507471
R26.JPG    0.99447926   -0.00605290    0.10475860   -0.10488050   -0.02566509    0.99415360   -0.00332888   -0.99965227   -0.02615823
R3.JPG    0.56299494   -0.11528675   -0.81837990    0.82126103    0.18893921    0.53836075    0.09255819   -0.97519790    0.20105234
R4.JPG    0.08161568   -0.23261888   -0.96913742    0.97551697    0.21788845    0.02985388    0.20421928   -0.94784655    0.24470678
R5.JPG   -0.39327423   -0.34395913   -0.85265908    0.86242262    0.18344533   -0.47177858    0.31868888   -0.92089083    0.22449381
R6.JPG   -0.78018542   -0.43057646   -0.45377816    0.46669153    0.08239892   -0.88057336    0.41654499   -0.89878492    0.13665995
R7.JPG   -0.89301934   -0.45001819    0.00030431    0.01348847   -0.02744252   -0.99953238    0.44981610   -0.89259764    0.03057676
R8.JPG   -0.77946624   -0.41539296    0.46891478   -0.45591345   -0.13719152   -0.87938695    0.42962228   -0.89923700   -0.08244708
R9.JPG   -0.43489749   -0.32833515    0.83848685   -0.82787231   -0.22052841   -0.51574669    0.35424794   -0.91845700   -0.17591233
L1.JPG    0.96251727   -0.26689597    0.04823937   -0.06875113   -0.06804521    0.99531057   -0.26236192   -0.96132013   -0.08384409
L10.JPG    0.03829061   -0.47452495    0.87940884   -0.94834695   -0.29460289   -0.11767409    0.31491568   -0.82947888   -0.46129481
L11.JPG    0.46659728   -0.37222977    0.80232909   -0.88147473   -0.27029354    0.38722566    0.07272745   -0.88791126   -0.45422937
L12.JPG    0.82690526   -0.29111889    0.48112107   -0.54187570   -0.18378748    0.82011761   -0.15032770   -0.93886738   -0.30972508
L13.JPG    0.96228817   -0.26633686    0.05537282   -0.07739442   -0.07290312    0.99433155   -0.26079029   -0.96111904   -0.09076680
L14.JPG    0.84224402   -0.28669724    0.45654101   -0.51455075   -0.17489176    0.83943457   -0.16081831   -0.94192227   -0.29482182
L15.JPG    0.55115026   -0.35204632    0.75650299   -0.83408126   -0.25773903    0.48772845    0.02327734   -0.89979664   -0.43568817
L16.JPG   -0.00441755   -0.48202030    0.87614891   -0.94115040   -0.29410427   -0.16654909    0.33795918   -0.82532364   -0.45235438
L17.JPG   -0.41498570   -0.58206519    0.69927604   -0.72716957   -0.24973905   -0.63941757    0.54681924   -0.77384141   -0.31962196
L18.JPG   -0.68305947   -0.65197681    0.32917473   -0.30571803   -0.15408458   -0.93957141    0.66329951   -0.74241780   -0.09407213
L19.JPG   -0.73523722   -0.67140184   -0.09298279    0.16425070   -0.04338988   -0.98546386    0.65760774   -0.73982220    0.14218008
L2.JPG    0.88992955   -0.29123953   -0.35100561    0.37607694    0.03314233    0.92599553   -0.25805336   -0.95607590    0.13902281
L20.JPG   -0.58211406   -0.63999201   -0.50155104    0.60853102    0.06620957   -0.79076311    0.53928955   -0.76552369    0.35091347
L21.JPG   -0.37817343   -0.59554478   -0.70873921    0.82972547    0.12146475   -0.54479534    0.41053686   -0.79408609    0.44820393
L22.JPG    0.03529242   -0.49923935   -0.86574506    0.98434837    0.16703435   -0.05619447    0.17266365   -0.85021150    0.49732049
L24.JPG    0.90918737   -0.28192740   -0.30642334    0.32692256    0.02756505    0.94464904   -0.25787588   -0.95903968    0.11723022
L26.JPG    0.95870899   -0.24632473    0.14213093   -0.16915715   -0.09216970    0.98126989   -0.22861087   -0.96479473   -0.13003151
L3.JPG    0.60418713   -0.36345633   -0.70912440    0.78545848    0.12175637    0.60681988   -0.13421212   -0.92362053    0.35904349
L6.JPG   -0.61732496   -0.65241954   -0.43961192    0.54630346    0.04659046   -0.83629054    0.56609401   -0.75642453    0.32765760
L7.JPG   -0.73809451   -0.67366850   -0.03724575    0.10585801   -0.06110831   -0.99250182    0.66634118   -0.73650291    0.11641692
L8.JPG   -0.65538470   -0.64743950    0.38896400   -0.37218402   -0.17128406   -0.91221753    0.65722900   -0.74261960   -0.12870968
L9.JPG   -0.36229659   -0.57273721    0.73533208   -0.77094625   -0.25923336   -0.58175592    0.52381587   -0.77766969   -0.34763024
______________________________________________________________________________________________________
