R1.JPG    0.99999931    0.00117568   -0.00001724    0.00001726   -0.00001805    1.00000000    0.00117568   -0.99999931   -0.00001807
R10.JPG    0.01709278   -0.21800440    0.97579809   -0.96834723   -0.24667469   -0.03814767    0.24902105   -0.94425933   -0.21532032
R11.JPG    0.49067486   -0.10677438    0.86477593   -0.86076519   -0.21356949    0.46202961    0.13535683   -0.97107533   -0.19670085
R12.JPG    0.87192919   -0.02141896    0.48916327   -0.48805034   -0.11825491    0.86476739    0.03932354   -0.99275224   -0.11356344
R13.JPG    0.99994423    0.00166207    0.01042957   -0.01042572   -0.00231147    0.99994298    0.00168608   -0.99999595   -0.00229402
R14.JPG    0.88837516   -0.01803987    0.45876370   -0.45778207   -0.11098360    0.88211009    0.03500210   -0.99365849   -0.10685341
R15.JPG    0.58162835   -0.08560646    0.80893757   -0.80559160   -0.19855243    0.55821063    0.11283008   -0.97634444   -0.18444757
R16.JPG   -0.02807970   -0.22879814    0.97306883   -0.96526815   -0.24674562   -0.08587202    0.25974783   -0.94168360   -0.21392301
R17.JPG   -0.49212130   -0.34206187    0.80050628   -0.78947608   -0.21209695   -0.57597083    0.36680260   -0.91542808   -0.16567223
R18.JPG   -0.81031551   -0.42339197    0.40512716   -0.39201605   -0.12220477   -0.91180558    0.43555963   -0.89766655   -0.06695203
R19.JPG   -0.89104172   -0.45001302   -0.05943858    0.07315518   -0.01313325   -0.99723409    0.44798770   -0.89292542    0.04462306
R2.JPG    0.89843819   -0.02956882   -0.43810331    0.43869964    0.10304286    0.89270645    0.01874714   -0.99423732    0.10554947
R20.JPG   -0.74239505   -0.42189274   -0.52043838    0.53270903    0.09936062   -0.84044545    0.40628892   -0.90118476    0.15098124
R21.JPG   -0.52843616   -0.37438869   -0.76196347    0.77267152    0.15977863   -0.61436920    0.35175836   -0.91340237    0.20484667
R22.JPG   -0.07840932   -0.27008240   -0.95963924    0.96699632    0.21347537   -0.13909129    0.24242546   -0.93887367    0.24443023
R23.JPG    0.55355580   -0.11722903   -0.82452006    0.82738157    0.19028950    0.52842184    0.09495114   -0.97470368    0.20232899
R24.JPG    0.92019792   -0.02317226   -0.39076697    0.39117348    0.09217817    0.91568908    0.01480160   -0.99547287    0.09388653
R25.JPG    0.99439137    0.00197934    0.10574448   -0.10566045   -0.02542645    0.99407714    0.00465632   -0.99967474   -0.02507471
R26.JPG    0.99447926   -0.00605290    0.10475860   -0.10488050   -0.02566509    0.99415360   -0.00332888   -0.99965227   -0.02615823
R3.JPG    0.56299494   -0.11528675   -0.81837990    0.82126103    0.18893921    0.53836075    0.09255819   -0.97519790    0.20105234
R4.JPG    0.08161568   -0.23261888   -0.96913742    0.97551697    0.21788845    0.02985388    0.20421928   -0.94784655    0.24470678
R5.JPG   -0.39327423   -0.34395913   -0.85265908    0.86242262    0.18344533   -0.47177858    0.31868888   -0.92089083    0.22449381
R6.JPG   -0.78018542   -0.43057646   -0.45377816    0.46669153    0.08239892   -0.88057336    0.41654499   -0.89878492    0.13665995
R7.JPG   -0.89301934   -0.45001819    0.00030431    0.01348847   -0.02744252   -0.99953238    0.44981610   -0.89259764    0.03057676
R8.JPG   -0.77946624   -0.41539296    0.46891478   -0.45591345   -0.13719152   -0.87938695    0.42962228   -0.89923700   -0.08244708
R9.JPG   -0.43489749   -0.32833515    0.83848685   -0.82787231   -0.22052841   -0.51574669    0.35424794   -0.91845700   -0.17591233
L1.JPG    0.96251727   -0.26689597    0.04823937   -0.06875113   -0.06804521    0.99531057   -0.26236192   -0.96132013   -0.08384409
L10.JPG    0.03829061   -0.47452495    0.87940884   -0.94834695   -0.29460289   -0.11767409    0.31491568   -0.82947888   -0.46129481
L11.JPG    0.46659728   -0.37222977    0.80232909   -0.88147473   -0.27029354    0.38722566    0.07272745   -0.88791126   -0.45422937
L12.JPG    0.82690526   -0.29111889    0.48112107   -0.54187570   -0.18378748    0.82011761   -0.15032770   -0.93886738   -0.30972508
L13.JPG    0.96228817   -0.26633686    0.05537282   -0.07739442   -0.07290312    0.99433155   -0.26079029   -0.96111904   -0.09076680
L14.JPG    0.84224402   -0.28669724    0.45654101   -0.51455075   -0.17489176    0.83943457   -0.16081831   -0.94192227   -0.29482182
L15.JPG    0.55115026   -0.35204632    0.75650299   -0.83408126   -0.25773903    0.48772845    0.02327734   -0.89979664   -0.43568817
L16.JPG   -0.00441755   -0.48202030    0.87614891   -0.94115040   -0.29410427   -0.16654909    0.33795918   -0.82532364   -0.45235438
L17.JPG   -0.41498570   -0.58206519    0.69927604   -0.72716957   -0.24973905   -0.63941757    0.54681924   -0.77384141   -0.31962196
L18.JPG   -0.68305947   -0.65197681    0.32917473   -0.30571803   -0.15408458   -0.93957141    0.66329951   -0.74241780   -0.09407213
L19.JPG   -0.73523722   -0.67140184   -0.09298279    0.16425070   -0.04338988   -0.98546386    0.65760774   -0.73982220    0.14218008
L2.JPG    0.88992955   -0.29123953   -0.35100561    0.37607694    0.03314233    0.92599553   -0.25805336   -0.95607590    0.13902281
L20.JPG   -0.58211406   -0.63999201   -0.50155104    0.60853102    0.06620957   -0.79076311    0.53928955   -0.76552369    0.35091347
L21.JPG   -0.37817343   -0.59554478   -0.70873921    0.82972547    0.12146475   -0.54479534    0.41053686   -0.79408609    0.44820393
L22.JPG    0.03529242   -0.49923935   -0.86574506    0.98434837    0.16703435   -0.05619447    0.17266365   -0.85021150    0.49732049
L24.JPG    0.90918737   -0.28192740   -0.30642334    0.32692256    0.02756505    0.94464904   -0.25787588   -0.95903968    0.11723022
L26.JPG    0.95870899   -0.24632473    0.14213093   -0.16915715   -0.09216970    0.98126989   -0.22861087   -0.96479473   -0.13003151
L3.JPG    0.60418713   -0.36345633   -0.70912440    0.78545848    0.12175637    0.60681988   -0.13421212   -0.92362053    0.35904349
L6.JPG   -0.61732496   -0.65241954   -0.43961192    0.54630346    0.04659046   -0.83629054    0.56609401   -0.75642453    0.32765760
L7.JPG   -0.73809451   -0.67366850   -0.03724575    0.10585801   -0.06110831   -0.99250182    0.66634118   -0.73650291    0.11641692
L8.JPG   -0.65538470   -0.64743950    0.38896400   -0.37218402   -0.17128406   -0.91221753    0.65722900   -0.74261960   -0.12870968
L9.JPG   -0.36229659   -0.57273721    0.73533208   -0.77094625   -0.25923336   -0.58175592    0.52381587   -0.77766969   -0.34763024