<?xml version="1.0" encoding="UTF-8"?>
<document version="1.5.0">
  <chunk label="Chunk 1" enabled="true">
    <sensors next_id="1">
      <sensor id="0" label="FC6310 (8.8mm)" type="frame">
        <resolution width="5472" height="3648"/>
        <property name="pixel_width" value="0.0024122807017543861"/>
        <property name="pixel_height" value="0.0024122807017543861"/>
        <property name="focal_length" value="8.8000000000000007"/>
        <property name="layer_index" value="0"/>
        <bands>
          <band label="Red"/>
          <band label="Green"/>
          <band label="Blue"/>
        </bands>
        <data_type>uint8</data_type>
        <calibration type="frame" class="adjusted">
          <resolution width="5472" height="3648"/>
          <f>3559.8480204529064</f>
          <cx>-30.29583121116876</cx>
          <cy>-50.543095073528363</cy>
          <b2>0.79013735776385896</b2>
          <k1>-0.023564272860626317</k1>
          <k2>0.0012585719832632443</k2>
          <p1>-0.0020387564111319046</p1>
          <p2>-0.0034494337887828216</p2>
        </calibration>
        <covariance>
          <params>f cx cy b2 k1 k2 p1 p2</params>
          <coeffs>1.7676609621268194e-01 -2.6417753391835028e-02 -2.4582123676173906e-02 -1.6169642210128227e-03 7.0510601198738788e-06 -5.0504235910216018e-07 -7.3179709327014651e-07 -7.3288929004923359e-07 -2.6417753391835028e-02 5.1132013002213829e-03 3.7301155283558404e-03 1.9433678734130126e-04 -1.1292322895326705e-06 9.4605143449789101e-08 1.7157203833373162e-07 1.1197169229647649e-07 -2.4582123676173906e-02 3.7301155283558404e-03 4.1096218745977006e-03 1.8728288333315894e-04 -8.9382621217047070e-07 7.4645274246475225e-08 9.4046495663458888e-08 1.2715687940939386e-07 -1.6169642210128227e-03 1.9433678734130126e-04 1.8728288333315894e-04 1.2311806624359664e-03 8.5616929251413393e-08 -2.0546967089028736e-08 -6.3962670396646452e-09 -6.3801981645088317e-09 7.0510601198738788e-06 -1.1292322895326705e-06 -8.9382621217047070e-07 8.5616929251413393e-08 2.3810115304429844e-09 -5.2457333162880985e-10 -1.7371007774810468e-10 -1.6372401666316584e-10 -5.0504235910216018e-07 9.4605143449789101e-08 7.4645274246475225e-08 -2.0546967089028736e-08 -5.2457333162880985e-10 4.3948879233741062e-10 1.6210766174043506e-11 1.4167679379388560e-11 -7.3179709327014651e-07 1.7157203833373162e-07 9.4046495663458888e-08 -6.3962670396646452e-09 -1.7371007774810468e-10 1.6210766174043506e-11 2.0874431877426629e-11 1.3666102924759376e-11 -7.3288929004923359e-07 1.1197169229647649e-07 1.2715687940939386e-07 -6.3801981645088317e-09 -1.6372401666316584e-10 1.4167679379388560e-11 1.3666102924759376e-11 1.7058865206894261e-11</coeffs>
        </covariance>
        <meta>
          <property name="Exif/BodySerialNumber" value="bd1fd5e42e5e29c01f18abf306ff667e"/>
          <property name="Exif/Make" value="DJI"/>
          <property name="Exif/Model" value="FC6310"/>
          <property name="Exif/Software" value="v01.04.1546"/>
        </meta>
      </sensor>
    </sensors>
    <components next_id="1" active_id="0">
      <component id="0" label="Component 1">
        <transform>
          <rotation locked="true">-7.5398178191429277e-01 3.3456178960856575e-01 -5.6531396716803428e-01 -6.3478336662144519e-01 -1.4967699845075377e-01 7.5805466398902743e-01 1.6900162721728959e-01 9.3041130961993745e-01 3.2522798915410323e-01</rotation>
          <translation locked="true">-2.9568705306186033e+06 5.0757907703767940e+06 2.4769107682964592e+06</translation>
          <scale locked="true">2.2081498514888764e+01</scale>
        </transform>
        <region>
          <center>-1.3791801343031572e+01 -1.0236813169547728e+01 -7.0665965023119455e+00</center>
          <size>5.2400851494115955e+01 4.7752756257880883e+01 1.3098934067910774e+01</size>
          <R>-2.2637089371650310e-01 -9.7172189468012571e-01 6.7177212485027463e-02 9.6991140755250060e-01 -2.1853024750814176e-01 1.0731445579956848e-01 -8.9599553444862701e-02 8.9448813984854783e-02 9.9195303805129020e-01</R>
        </region>
        <partition>
          <partition>
            <camera_ids>0 1 2 3 4 5 6 7 8 9 10 11 12 13 14 15 16 17 18 19 20 21 22 23 24 25 26 27 28 29 30 31 32 33 34 35 36 37 38 39 40 41 42 43 51 52 53 54 55 56 57 58 59 60 61 62 63 64 65 66 67 68 69 70 71 72 73 74 75 76 77 78 79 80 81 95 96 97 98 99 100 101 102 103 104 105 106 107 108 109 110 111 112 113 114 115 116 117 118 119 120 121 122 123 124 125 126</camera_ids>
          </partition>
          <partition>
            <camera_ids>44 45 46 47 48 49 50 82 83 84 85 86 87 88 89 90 91 92 93 94 127 128 129 130 131 132 133 134 135 136 137 138 139 140 141 142 143 144 145 146 147 148 149 150 151 152 153 154 155 156 157 158 159 160 161 162 163 164 165 166 167 168 169 170 171 172 173 174 175 176 177 178 179 180 181 182 183 184 185 186 187 188 189 190 191 192 193 194 195 196 197 198 199 200 201</camera_ids>
          </partition>
        </partition>
      </component>
    </components>
    <cameras next_id="202" next_group_id="0">
      <camera id="0" sensor_id="0" component_id="0" label="DJI_0158">
        <transform>9.8789824696589967e-01 -1.2494948984170560e-01 9.1894932558873293e-02 -8.0687847013070026e+00 -1.2036143854849382e-01 -9.9126572217492637e-01 -5.3901689691132959e-02 -2.5979314017880633e+01 9.7827285315700660e-02 4.2188778476267452e-02 -9.9430876955724412e-01 1.5625450618173657e+00 0 0 0 1</transform>
        <rotation_covariance>2.7940383100081051e-07 -4.7291662607263320e-08 4.5064182096825379e-09 -4.7291662607263307e-08 4.2459381178941006e-07 -9.9110533193949243e-09 4.5064182096825429e-09 -9.9110533193949309e-09 1.5046567953368697e-07</rotation_covariance>
        <location_covariance>6.1055001110993531e-05 -2.4152085677469029e-07 -2.9906385001593833e-06 -2.4152085677469029e-07 6.1247394938658618e-05 3.6426841820793207e-06 -2.9906385001593833e-06 3.6426841820793207e-06 1.0281766107365026e-04</location_covariance>
        <orientation>1</orientation>
        <reference x="170264.66830670324" y="2544016.7036028518" z="198.16601595268756" yaw="5.5999999999999996" pitch="0" roll="-0" enabled="true" rotation_enabled="false"/>
      </camera>
      <camera id="1" sensor_id="0" component_id="0" label="DJI_0159">
        <transform>9.9374965565852857e-01 -8.9415939814192658e-02 6.6831217149629182e-02 -7.6696776778408235e+00 -8.6705801347461087e-02 -9.9533068399624680e-01 -4.2413836283200279e-02 -2.4793597838511072e+01 7.0311634110229754e-02 3.6354080963602764e-02 -9.9686240520246383e-01 1.4752470964235165e+00 0 0 0 1</transform>
        <rotation_covariance>2.7621409270253609e-07 -5.1563363925468215e-08 1.9520994450145718e-09 -5.1563363925468215e-08 4.2097258810926297e-07 -1.1016791883272408e-08 1.9520994450145685e-09 -1.1016791883272403e-08 1.5041734906185843e-07</rotation_covariance>
        <location_covariance>5.6095596652947017e-05 -2.2978677815241244e-07 -2.7674601048781647e-06 -2.2978677815241244e-07 5.6245207354501551e-05 3.3609096658253202e-06 -2.7674601048781647e-06 3.3609096658253202e-06 9.4977524132751817e-05</location_covariance>
        <orientation>1</orientation>
        <reference x="170267.46872542141" y="2544044.2637901544" z="198.26601595430904" yaw="4.2000000000000002" pitch="0" roll="-0" enabled="true" rotation_enabled="false"/>
      </camera>
      <camera id="2" sensor_id="0" component_id="0" label="DJI_0160">
        <transform>9.9638708207199467e-01 -7.1126068524810876e-02 4.6409751736678571e-02 -7.2658390411480207e+00 -6.9858108350884504e-02 -9.9715271215422074e-01 -2.8395657081990766e-02 -2.3568566339748561e+01 4.8297281266053795e-02 2.5050968438083299e-02 -9.9851881384509822e-01 1.3872343056349050e+00 0 0 0 1</transform>
        <rotation_covariance>2.7175835958560917e-07 -5.3257648279859434e-08 2.2939110979330116e-10 -5.3257648279859434e-08 4.1906243197164835e-07 -1.3288986964039008e-08 2.2939110979330116e-10 -1.3288986964039006e-08 1.5063827343829075e-07</rotation_covariance>
        <location_covariance>5.1468529278562122e-05 -2.1131818141020269e-07 -2.5629923391193246e-06 -2.1131818141020269e-07 5.1591708210643472e-05 3.1105445447970770e-06 -2.5629923391193246e-06 3.1105445447970770e-06 8.7711492614701053e-05</location_covariance>
        <orientation>1</orientation>
        <reference x="170270.35802677175" y="2544073.5492542814" z="198.26601595227535" yaw="4" pitch="0" roll="-0" enabled="true" rotation_enabled="false"/>
      </camera>
      <camera id="3" sensor_id="0" component_id="0" label="DJI_0161">
        <transform>9.9795892270581277e-01 -5.7877853800602758e-02 2.6984118130664439e-02 -6.8664038086404613e+00 -5.7188483738103618e-02 -9.9803370307676520e-01 -2.5655503320222817e-02 -2.2339493301388242e+01 2.8415944812556677e-02 2.4059957654021691e-02 -9.9930658584745435e-01 1.3012816559726519e+00 0 0 0 1</transform>
        <rotation_covariance>2.6770125738968286e-07 -5.4464686853453785e-08 -1.7134148418308620e-09 -5.4464686853453779e-08 4.1795319025726777e-07 -1.2730435173244417e-08 -1.7134148418308611e-09 -1.2730435173244415e-08 1.5067753705442196e-07</rotation_covariance>
        <location_covariance>4.7327340845943872e-05 -1.9790692475307271e-07 -2.3858912164856224e-06 -1.9790692475307271e-07 4.7430760891457146e-05 2.8945580253169130e-06 -2.3858912164856224e-06 2.8945580253169130e-06 8.1263082579359784e-05</location_covariance>
        <orientation>1</orientation>
        <reference x="170273.11090098281" y="2544102.8877384188" z="198.26601595208808" yaw="3.8000000000000007" pitch="0" roll="-0" enabled="true" rotation_enabled="false"/>
      </camera>
      <camera id="4" sensor_id="0" component_id="0" label="DJI_0162">
        <transform>9.9839276542459321e-01 -5.5570381290743043e-02 1.1127383836071517e-02 -6.4852014968987044e+00 -5.5336262052651061e-02 -9.9826046827703940e-01 -2.0345406787414588e-02 -2.1150902529776634e+01 1.2238629411587014e-02 1.9696959118261803e-02 -9.9973108671863331e-01 1.2236932041616644e+00 0 0 0 1</transform>
        <rotation_covariance>2.6302240792455825e-07 -5.3985771259785548e-08 -3.1585826555786459e-09 -5.3985771259785555e-08 4.1804487716201216e-07 -1.3128570119354941e-08 -3.1585826555786468e-09 -1.3128570119354943e-08 1.5085545170925666e-07</rotation_covariance>
        <location_covariance>4.3800565466763550e-05 -1.8772419704962969e-07 -2.2493159240875311e-06 -1.8772419704962969e-07 4.3892165502686377e-05 2.7192607585226622e-06 -2.2493159240875311e-06 2.7192607585226622e-06 7.5810288767396382e-05</location_covariance>
        <orientation>1</orientation>
        <reference x="170275.71808092637" y="2544131.605604222" z="198.06601595392439" yaw="3.8000000000000007" pitch="0" roll="-0" enabled="true" rotation_enabled="false"/>
      </camera>
      <camera id="5" sensor_id="0" component_id="0" label="DJI_0163">
        <transform>9.9814895134071469e-01 -6.0777921483041723e-02 -2.1714505824983752e-03 -6.0949956275421853e+00 -6.0813356636607682e-02 -9.9783203613701332e-01 -2.5158762156577114e-02 -1.9881331051712618e+01 -6.3764568514228888e-04 2.5244245262310186e-02 -9.9968110989910997e-01 1.1456890758823361e+00 0 0 0 1</transform>
        <rotation_covariance>2.5787312140023743e-07 -5.2125956512319175e-08 -4.7695906742145735e-09 -5.2125956512319175e-08 4.1928848328256659e-07 -1.1040030669661675e-08 -4.7695906742145735e-09 -1.1040030669661675e-08 1.5079337515197982e-07</rotation_covariance>
        <location_covariance>4.0519249628945528e-05 -1.7769315851712086e-07 -2.1355085503803839e-06 -1.7769315851712086e-07 4.0599338595755751e-05 2.5622383116682166e-06 -2.1355085503803839e-06 2.5622383116682166e-06 7.0734145771483471e-05</location_covariance>
        <orientation>1</orientation>
        <reference x="170278.01411442587" y="2544160.7250268501" z="197.96601595551968" yaw="4.2999999999999998" pitch="0" roll="-0" enabled="true" rotation_enabled="false"/>
      </camera>
      <camera id="6" sensor_id="0" component_id="0" label="DJI_0164">
        <transform>9.9825235804648238e-01 -5.8383100430706589e-02 -9.1456677577748287e-03 -5.6963577786811319e+00 -5.8658495936797790e-02 -9.9771652497634888e-01 -3.3480093242876152e-02 -1.8592061620034663e+01 -7.1701122076470811e-03 3.3958053142326028e-02 -9.9939753857897440e-01 1.0681937407800062e+00 0 0 0 1</transform>
        <rotation_covariance>2.5433311608748628e-07 -5.1342088031669059e-08 -5.7053710710530821e-09 -5.1342088031669065e-08 4.1995377848454842e-07 -8.5097253755636966e-09 -5.7053710710530821e-09 -8.5097253755636950e-09 1.5067600276769608e-07</rotation_covariance>
        <location_covariance>3.7739610030090277e-05 -1.6696174439369028e-07 -2.0452495472072090e-06 -1.6696174439369028e-07 3.7813551096467674e-05 2.4366726703684641e-06 -2.0452495472072090e-06 2.4366726703684641e-06 6.6483107715019542e-05</location_covariance>
        <orientation>1</orientation>
        <reference x="170280.45551672729" y="2544190.4066239516" z="197.96601595449675" yaw="4.7999999999999998" pitch="0.099999999999993788" roll="-0" enabled="true" rotation_enabled="false"/>
      </camera>
      <camera id="7" sensor_id="0" component_id="0" label="DJI_0165">
        <transform>9.9766584039261152e-01 -6.6858539889439836e-02 -1.3885480098170293e-02 -5.2878023786686112e+00 -6.7334040770293146e-02 -9.9703704458223585e-01 -3.7192185795743633e-02 -1.7307061477138554e+01 -1.1357722802084981e-02 3.8040338780993999e-02 -9.9921165663645961e-01 1.0025107654694099e+00 0 0 0 1</transform>
        <rotation_covariance>2.5005659997035179e-07 -4.8566810067286451e-08 -6.2831282093383623e-09 -4.8566810067286457e-08 4.2161126874156535e-07 -7.2970127453088692e-09 -6.2831282093383606e-09 -7.2970127453088708e-09 1.5065298082013348e-07</rotation_covariance>
        <location_covariance>3.5550943119973831e-05 -1.6211643852288704e-07 -2.0047931772205923e-06 -1.6211643852288704e-07 3.5614576933294956e-05 2.3573241180090415e-06 -2.0047931772205923e-06 2.3573241180090415e-06 6.3203507110496103e-05</location_covariance>
        <orientation>1</orientation>
        <reference x="170283.09811042302" y="2544219.8995071556" z="197.96601595557129" yaw="5.2999999999999998" pitch="0" roll="-0" enabled="true" rotation_enabled="false"/>
      </camera>
      <camera id="8" sensor_id="0" component_id="0" label="DJI_0166">
        <transform>9.9859703569043812e-01 -4.9551427749577492e-02 -1.8671269861694009e-02 -4.9060976830519838e+00 -5.0273270080028708e-02 -9.9791767550060784e-01 -4.0409296441840992e-02 -1.6110441817427613e+01 -1.6630051885977090e-02 4.1291269433652633e-02 -9.9900874492810476e-01 9.3604371496627758e-01 0 0 0 1</transform>
        <rotation_covariance>2.4881747176467123e-07 -5.0154883037486423e-08 -6.6917929146496671e-09 -5.0154883037486416e-08 4.2080567842093653e-07 -6.3800058482404289e-09 -6.6917929146496679e-09 -6.3800058482404256e-09 1.5065609551445991e-07</rotation_covariance>
        <location_covariance>3.4003021268927936e-05 -1.6037359243888769e-07 -1.9744718483201618e-06 -1.6037359243888769e-07 3.4061412319681346e-05 2.3006052659705740e-06 -1.9744718483201618e-06 2.3006052659705740e-06 6.0931628298646214e-05</location_covariance>
        <orientation>1</orientation>
        <reference x="170284.85534528422" y="2544239.2517830748" z="198.06601595453935" yaw="4.4000000000000004" pitch="0" roll="-0" enabled="true" rotation_enabled="false"/>
      </camera>
      <camera id="9" sensor_id="0" component_id="0" label="DJI_0167">
        <transform>9.9915869713880223e-01 -3.0210560874017772e-02 -2.7734814648172214e-02 -4.5020579462872536e+00 -3.1248634611581273e-02 -9.9879695455330242e-01 -3.7791089028494984e-02 -1.4839030086210045e+01 -2.6559758410103960e-02 3.8625970366128859e-02 -9.9890070259584463e-01 8.5097408983408729e-01 0 0 0 1</transform>
        <rotation_covariance>2.4830673097508816e-07 -5.1977512297530891e-08 -7.2683035982885974e-09 -5.1977512297530878e-08 4.1966382001985819e-07 -6.7883796988825729e-09 -7.2683035982885982e-09 -6.7883796988825753e-09 1.5081020866349917e-07</rotation_covariance>
        <location_covariance>3.2864199478225932e-05 -1.5658936466449618e-07 -1.9262503862422856e-06 -1.5658936466449618e-07 3.2930622269086172e-05 2.2505799062250294e-06 -1.9262503862422856e-06 2.2505799062250294e-06 5.9312610722907919e-05</location_covariance>
        <orientation>1</orientation>
        <reference x="170288.10018402545" y="2544275.9828464948" z="198.16601595638934" yaw="3.6000000000000001" pitch="0.099999999999993788" roll="-0" enabled="true" rotation_enabled="false"/>
      </camera>
      <camera id="10" sensor_id="0" component_id="0" label="DJI_0168">
        <transform>9.9914516376768336e-01 -1.9394036099263514e-02 -3.6507712656785409e-02 -4.1233045794866472e+00 -2.0575685246849634e-02 -9.9926722729289752e-01 -3.2274597363674662e-02 -1.3611877687861609e+01 -3.5855026094991464e-02 3.2998179073172929e-02 -9.9881206304368519e-01 7.6215866756444706e-01 0 0 0 1</transform>
        <rotation_covariance>2.4767937329632660e-07 -5.2435153926293723e-08 -7.7102685798839308e-09 -5.2435153926293736e-08 4.1933426739576164e-07 -7.9929274833408298e-09 -7.7102685798839325e-09 -7.9929274833408332e-09 1.5101114266792753e-07</rotation_covariance>
        <location_covariance>3.2242140661555239e-05 -1.5652627242688784e-07 -1.8792951712960820e-06 -1.5652627242688784e-07 3.2319531968074422e-05 2.2160295480544639e-06 -1.8792951712960820e-06 2.2160295480544639e-06 5.8446543591707904e-05</location_covariance>
        <orientation>1</orientation>
        <reference x="170290.23446233806" y="2544302.5314297318" z="198.16601595611348" yaw="3.2000000000000002" pitch="0" roll="-0" enabled="true" rotation_enabled="false"/>
      </camera>
      <camera id="11" sensor_id="0" component_id="0" label="DJI_0169">
        <transform>9.9892794658313977e-01 -1.8298500342275349e-02 -4.2522022769571198e-02 -3.7498501962364821e+00 -1.9215765497632705e-02 -9.9958921733803108e-01 -2.1263841089556146e-02 -1.2399230782884915e+01 -4.2115459056410287e-02 2.2058138334085930e-02 -9.9886922399366262e-01 6.7439537665450211e-01 0 0 0 1</transform>
        <rotation_covariance>2.4645282644878238e-07 -5.1149507030934387e-08 -7.7386593397363881e-09 -5.1149507030934401e-08 4.2001681610722777e-07 -1.0801428384124564e-08 -7.7386593397363881e-09 -1.0801428384124562e-08 1.5131333018450144e-07</rotation_covariance>
        <location_covariance>3.2125354563275558e-05 -1.5326121847353735e-07 -1.8484088957367204e-06 -1.5326121847353735e-07 3.2191056859138583e-05 2.2078204888736303e-06 -1.8484088957367204e-06 2.2078204888736303e-06 5.8334811704793529e-05</location_covariance>
        <orientation>1</orientation>
        <reference x="170292.33398094826" y="2544329.5077897809" z="198.26601595760633" yaw="3.5000000000000004" pitch="0" roll="-0" enabled="true" rotation_enabled="false"/>
      </camera>
      <camera id="12" sensor_id="0" component_id="0" label="DJI_0170">
        <transform>9.9874670873009541e-01 -1.5943831213574830e-02 -4.7442660623481001e-02 -3.3688789178114056e+00 -1.6562201326627394e-02 -9.9978256369945995e-01 -1.2669601799218722e-02 -1.1168660329943162e+01 -4.7230342874237344e-02 1.3439477994607985e-02 -9.9879360988304977e-01 5.8806080164085961e-01 0 0 0 1</transform>
        <rotation_covariance>2.4589039077425680e-07 -4.9995321265326452e-08 -7.8544003592102241e-09 -4.9995321265326445e-08 4.2056293619925038e-07 -1.3055719838343431e-08 -7.8544003592102225e-09 -1.3055719838343432e-08 1.5161474013353676e-07</rotation_covariance>
        <location_covariance>3.2500921323189402e-05 -1.5086445335853305e-07 -1.8462630196683897e-06 -1.5086445335853305e-07 3.2566551938239571e-05 2.2269000207958365e-06 -1.8462630196683897e-06 2.2269000207958365e-06 5.9000449018667440e-05</location_covariance>
        <orientation>1</orientation>
        <reference x="170294.63082865509" y="2544357.1783253737" z="198.16601595618789" yaw="3.6000000000000001" pitch="0.099999999999993788" roll="-0" enabled="true" rotation_enabled="false"/>
      </camera>
      <camera id="13" sensor_id="0" component_id="0" label="DJI_0171">
        <transform>9.9861294709276160e-01 -1.6067536637577023e-02 -5.0139965746988514e-02 -2.9625965133839784e+00 -1.6640152568317881e-02 -9.9980076999746248e-01 -1.1023866607694317e-02 -9.8583643960807432e+00 -4.9952849980878622e-02 1.1842912601267231e-02 -9.9868135969382488e-01 5.1227662874919599e-01 0 0 0 1</transform>
        <rotation_covariance>2.4552450170970923e-07 -4.8075615147557937e-08 -8.1739974522227511e-09 -4.8075615147557930e-08 4.2157012530782094e-07 -1.3584058047985152e-08 -8.1739974522227544e-09 -1.3584058047985154e-08 1.5172560984534659e-07</rotation_covariance>
        <location_covariance>3.3450376483684275e-05 -1.5384301947534110e-07 -1.9040713466238562e-06 -1.5384301947534110e-07 3.3522907550551740e-05 2.2808701987152212e-06 -1.9040713466238562e-06 2.2808701987152212e-06 6.0564602226033688e-05</location_covariance>
        <orientation>1</orientation>
        <reference x="170296.9645571427" y="2544385.8976502288" z="198.06601595523159" yaw="4" pitch="0" roll="-0" enabled="true" rotation_enabled="false"/>
      </camera>
      <camera id="14" sensor_id="0" component_id="0" label="DJI_0172">
        <transform>9.9862951042294079e-01 -1.5727144778864825e-02 -4.9917510249836629e-02 -2.5851367672237080e+00 -1.6055928613108804e-02 -9.9985191982461119e-01 -6.1923807545653520e-03 -8.6497552881526989e+00 -4.9812729987510976e-02 6.9853661423996960e-03 -9.9873414710374653e-01 4.4189378545693853e-01 0 0 0 1</transform>
        <rotation_covariance>2.4595301609903651e-07 -4.6323856832284759e-08 -8.1200720290910032e-09 -4.6323856832284772e-08 4.2241643982283252e-07 -1.5111459772006706e-08 -8.1200720290910015e-09 -1.5111459772006699e-08 1.5189519480600435e-07</rotation_covariance>
        <location_covariance>3.4831641454455435e-05 -1.6811751443630787e-07 -1.9735447858875143e-06 -1.6811751443630787e-07 3.4923922001933295e-05 2.3579313241904512e-06 -1.9735447858875143e-06 2.3579313241904512e-06 6.2808667495954112e-05</location_covariance>
        <orientation>1</orientation>
        <reference x="170299.42612472616" y="2544415.096185348" z="198.06601595786205" yaw="4" pitch="0" roll="-0" enabled="true" rotation_enabled="false"/>
      </camera>
      <camera id="15" sensor_id="0" component_id="0" label="DJI_0173">
        <transform>9.9860725607407308e-01 -7.7255188218661747e-03 -5.2190655055707497e-02 -2.2209571485457804e+00 -8.0234885360007842e-03 -9.9995267388391962e-01 -5.5021472274179861e-03 -7.4841420331344901e+00 -5.2145678132741936e-02 5.9132352678132882e-03 -9.9862198148285508e-01 3.6396959592526512e-01 0 0 0 1</transform>
        <rotation_covariance>2.4728742161308663e-07 -4.5852431442775026e-08 -8.4124009755299212e-09 -4.5852431442775019e-08 4.2272662042251014e-07 -1.5498054504271346e-08 -8.4124009755299195e-09 -1.5498054504271342e-08 1.5199090696759314e-07</rotation_covariance>
        <location_covariance>3.6622362462446257e-05 -1.7921833815629941e-07 -2.0330499835625633e-06 -1.7921833815629941e-07 3.6718855335567994e-05 2.4481208645902136e-06 -2.0330499835625633e-06 2.4481208645902136e-06 6.5687395464828212e-05</location_covariance>
        <orientation>1</orientation>
        <reference x="170301.84564726945" y="2544443.8858099375" z="198.16601595749529" yaw="3.9000000000000008" pitch="0.099999999999993788" roll="-0" enabled="true" rotation_enabled="false"/>
      </camera>
      <camera id="16" sensor_id="0" component_id="0" label="DJI_0174">
        <transform>9.9841298071158024e-01 -2.5517362434245891e-02 -5.0203427781557453e-02 -1.8332259598841472e+00 -2.5733339245307511e-02 -9.9966214171539325e-01 -3.6602830871046432e-03 -6.2377299692256560e+00 -5.0093065367420253e-02 4.9463759856250289e-03 -9.9873230555875370e-01 2.8911056828766735e-01 0 0 0 1</transform>
        <rotation_covariance>2.4671172886047122e-07 -4.0408292809070890e-08 -8.6878789883440450e-09 -4.0408292809070890e-08 4.2537473015186931e-07 -1.6238389423797475e-08 -8.6878789883440417e-09 -1.6238389423797471e-08 1.5206233454126019e-07</rotation_covariance>
        <location_covariance>3.9030678431505619e-05 -1.8477789912752530e-07 -2.1405092104437083e-06 -1.8477789912752530e-07 3.9119746489619152e-05 2.5698474569447739e-06 -2.1405092104437083e-06 2.5698474569447739e-06 6.9537720963575673e-05</location_covariance>
        <orientation>1</orientation>
        <reference x="170304.24730968516" y="2544472.5309488797" z="198.16601595830159" yaw="4.4000000000000004" pitch="0" roll="-0" enabled="true" rotation_enabled="false"/>
      </camera>
      <camera id="17" sensor_id="0" component_id="0" label="DJI_0175">
        <transform>9.9872691829016569e-01 -1.1382431218142006e-02 -4.9142475946911318e-02 -1.4373112295930088e+00 -1.1530170680258233e-02 -9.9992981528713010e-01 -2.7239060059433781e-03 -4.9702506754569500e+00 -4.9108022223589953e-02 3.2870593863462767e-03 -9.9878806430287204e-01 2.0858212647252808e-01 0 0 0 1</transform>
        <rotation_covariance>2.4949097846377790e-07 -4.0388638926464609e-08 -8.6623528006553835e-09 -4.0388638926464609e-08 4.2560873339758395e-07 -1.6990407168657438e-08 -8.6623528006553835e-09 -1.6990407168657434e-08 1.5213653721401491e-07</rotation_covariance>
        <location_covariance>4.2018043099243985e-05 -1.9192321572656710e-07 -2.2599932500113962e-06 -1.9192321572656710e-07 4.2101745297630505e-05 2.7184169223888392e-06 -2.2599932500113962e-06 2.7184169223888392e-06 7.4313151738578020e-05</location_covariance>
        <orientation>1</orientation>
        <reference x="170306.69038302216" y="2544501.4681082247" z="198.16601595790021" yaw="3.6999999999999997" pitch="0" roll="-0" enabled="true" rotation_enabled="false"/>
      </camera>
      <camera id="18" sensor_id="0" component_id="0" label="DJI_0176">
        <transform>9.9833105206453587e-01 -3.5441082178662035e-02 -4.5596493041916722e-02 -1.0617163044978122e+00 -3.5062314706075126e-02 -9.9934387565943350e-01 9.0803232010429058e-03 -3.7561375981407399e+00 -4.5888392553764402e-02 -7.4664500258545541e-03 -9.9891866913820537e-01 1.3668861154169984e-01 0 0 0 1</transform>
        <rotation_covariance>2.5004521430328374e-07 -3.3580986856589117e-08 -8.7473659667572222e-09 -3.3580986856589124e-08 4.2824075169349234e-07 -2.0492172824271975e-08 -8.7473659667572222e-09 -2.0492172824271972e-08 1.5259639171058355e-07</rotation_covariance>
        <location_covariance>4.5368271091750112e-05 -1.9382526446633709e-07 -2.4115428807148965e-06 -1.9382526446633709e-07 4.5452870110260994e-05 2.8840344374655748e-06 -2.4115428807148965e-06 2.8840344374655748e-06 7.9668765801314692e-05</location_covariance>
        <orientation>1</orientation>
        <reference x="170309.08380431091" y="2544530.7100755791" z="198.16601595932934" yaw="4.7999999999999998" pitch="0.099999999999993788" roll="-0" enabled="true" rotation_enabled="false"/>
      </camera>
      <camera id="19" sensor_id="0" component_id="0" label="DJI_0177">
        <transform>9.9901951391499777e-01 -1.3929614120282402e-02 -4.2023525167473222e-02 -6.7566810382980336e-01 -1.3605962516875856e-02 -9.9987560774092976e-01 7.9778962574636597e-03 -2.5194934228399202e+00 -4.2129426782601676e-02 -7.3983035329399961e-03 -9.9908476942840230e-01 6.7199259355018387e-02 0 0 0 1</transform>
        <rotation_covariance>2.5434910575165347e-07 -3.4354464604906568e-08 -8.4614767470540933e-09 -3.4354464604906561e-08 4.2836126139145514e-07 -2.0860917582978503e-08 -8.4614767470540949e-09 -2.0860917582978507e-08 1.5257894022890160e-07</rotation_covariance>
        <location_covariance>4.9293381314666756e-05 -2.0112765846014980e-07 -2.6019098395334883e-06 -2.0112765846014980e-07 4.9378694135646959e-05 3.0744410525738661e-06 -2.6019098395334883e-06 3.0744410525738661e-06 8.5993469313579184e-05</location_covariance>
        <orientation>1</orientation>
        <reference x="170311.5254181223" y="2544559.9117978965" z="198.06601595796809" yaw="3.6000000000000001" pitch="0.099999999999993788" roll="-0" enabled="true" rotation_enabled="false"/>
      </camera>
      <camera id="20" sensor_id="0" component_id="0" label="DJI_0178">
        <transform>9.9917806894823635e-01 -1.5379135019318174e-02 -3.7505582770183045e-02 -2.9609045184678479e-01 -1.5095121250877192e-02 -9.9985529367042114e-01 7.8440444706369128e-03 -1.3120333651197063e+00 -3.7620790093973115e-02 -7.2714458874144627e-03 -9.9926563146513347e-01 -3.3586270899781183e-04 0 0 0 1</transform>
        <rotation_covariance>2.5749021766275527e-07 -3.1112110650744744e-08 -8.5271639404162782e-09 -3.1112110650744744e-08 4.2996510602910962e-07 -2.1293551524865092e-08 -8.5271639404162782e-09 -2.1293551524865089e-08 1.5258366152295115e-07</rotation_covariance>
        <location_covariance>5.3621489251534387e-05 -2.1844450524383916e-07 -2.8136245797895842e-06 -2.1844450524383916e-07 5.3708404841719699e-05 3.2825071089206544e-06 -2.8136245797895842e-06 3.2825071089206544e-06 9.3032544553887375e-05</location_covariance>
        <orientation>1</orientation>
        <reference x="170314.03833204909" y="2544589.1346766595" z="198.06601595834414" yaw="3.8999999999999999" pitch="0" roll="-0" enabled="true" rotation_enabled="false"/>
      </camera>
      <camera id="21" sensor_id="0" component_id="0" label="DJI_0179">
        <transform>9.9923968229767701e-01 -1.8019769427620663e-02 -3.4573765074292204e-02 8.9132976682400930e-02 -1.7662397074609655e-02 -9.9978766598916313e-01 1.0614267074089689e-02 -9.5629536103108828e-02 -3.4757690533402538e-02 -9.9955412918295017e-03 -9.9934578205097147e-01 -6.9047405303417977e-02 0 0 0 1</transform>
        <rotation_covariance>2.6132003531796329e-07 -2.7524335031134201e-08 -8.7233480196306138e-09 -2.7524335031134198e-08 4.3163480014879357e-07 -2.2468626100414168e-08 -8.7233480196306138e-09 -2.2468626100414172e-08 1.5276235798473073e-07</rotation_covariance>
        <location_covariance>5.8487493541998134e-05 -2.3458356846765361e-07 -3.0545541380771205e-06 -2.3458356846765361e-07 5.8585071198680248e-05 3.5115710019708083e-06 -3.0545541380771205e-06 3.5115710019708083e-06 1.0101440596799042e-04</location_covariance>
        <orientation>1</orientation>
        <reference x="170315.74349374051" y="2544608.3457324193" z="198.16601595841115" yaw="4.0999999999999996" pitch="0.099999999999993788" roll="-0" enabled="true" rotation_enabled="false"/>
      </camera>
      <camera id="22" sensor_id="0" component_id="0" label="DJI_0180">
        <transform>9.9937246036894134e-01 -1.4020456008367176e-02 -3.2528637681987868e-02 3.7967424652890625e-01 -1.3754602287506938e-02 -9.9987026516947686e-01 8.3823472746286376e-03 8.3532770484666630e-01 -3.2641941915901848e-02 -7.9296685452424631e-03 -9.9943565274845036e-01 -1.1925423621421259e-01 0 0 0 1</transform>
        <rotation_covariance>2.6532113329424313e-07 -2.5735843783535433e-08 -8.9088825624603298e-09 -2.5735843783535433e-08 4.3305190151096245e-07 -2.2196168545232097e-08 -8.9088825624603248e-09 -2.2196168545232090e-08 1.5276240834109503e-07</rotation_covariance>
        <location_covariance>6.2541833177588333e-05 -2.5137842953687498e-07 -3.2696156885102456e-06 -2.5137842953687498e-07 6.2667200849341121e-05 3.6985519624214671e-06 -3.2696156885102456e-06 3.6985519624214671e-06 1.0768423606161430e-04</location_covariance>
        <orientation>1</orientation>
        <reference x="170318.18084800785" y="2544636.747668169" z="198.06601595942536" yaw="3.6999999999999997" pitch="0.099999999999993788" roll="-0" enabled="true" rotation_enabled="false"/>
      </camera>
      <camera id="23" sensor_id="0" component_id="0" label="DJI_0181">
        <transform>-9.9206211913224629e-01 1.1284860840453712e-01 5.5479215603641226e-02 -2.0619979866658236e+00 1.0570868666351263e-01 9.8735839830765415e-01 -1.1810616772725840e-01 1.2871950041969655e+00 -6.8105986129790158e-02 -1.1130402001950974e-01 -9.9144994315436086e-01 -3.4186988022783726e-01 0 0 0 1</transform>
        <rotation_covariance>2.6538762126034550e-07 -1.3018299333943154e-08 8.0368981952464760e-10 -1.3018299333943154e-08 4.2593404839801943e-07 -1.0718229178959017e-08 8.0368981952464760e-10 -1.0718229178959024e-08 1.5027382470223342e-07</rotation_covariance>
        <location_covariance>5.4786202970213330e-05 -1.7593451464969127e-07 -2.2907578856616883e-06 -1.7593451464969127e-07 5.4889678611947176e-05 2.6444557178297954e-06 -2.2907578856616883e-06 2.6444557178297954e-06 8.6984010336067633e-05</location_covariance>
        <orientation>1</orientation>
        <reference x="170263.13678941177" y="2544636.4120299504" z="198.16601596135416" yaw="188.69999999999996" pitch="0.099999999999993788" roll="-0" enabled="true" rotation_enabled="false"/>
      </camera>
      <camera id="24" sensor_id="0" component_id="0" label="DJI_0182">
        <transform>-9.9216058611274160e-01 9.2892582725929290e-02 8.3596288427939799e-02 -2.4854516101741391e+00 8.1903290266043469e-02 9.8858553132377847e-01 -1.2645354206536938e-01 -4.1948225211872322e-03 -9.4388677329524842e-02 -1.1861540933533152e-01 -9.8844380834734069e-01 -2.8437928346632030e-01 0 0 0 1</transform>
        <rotation_covariance>2.6057627859502335e-07 -1.8707711540342059e-08 -1.7721231843017503e-09 -1.8707711540342059e-08 4.2480198808715181e-07 -1.1668086872830504e-08 -1.7721231843017536e-09 -1.1668086872830494e-08 1.5035969032625697e-07</rotation_covariance>
        <location_covariance>4.9303531228995769e-05 -1.4928438702325055e-07 -2.0031427259374362e-06 -1.4928438702325055e-07 4.9397519858093261e-05 2.3958659583617044e-06 -2.0031427259374362e-06 2.3958659583617044e-06 7.8070696361656953e-05</location_covariance>
        <orientation>1</orientation>
        <reference x="170260.31705011197" y="2544607.8829276883" z="198.26601595899567" yaw="185.5" pitch="0" roll="-0" enabled="true" rotation_enabled="false"/>
      </camera>
      <camera id="25" sensor_id="0" component_id="0" label="DJI_0183">
        <transform>-9.8193140079751551e-01 1.4788566029913461e-01 1.1807013003176736e-01 -3.2556965474941690e+00 1.3073061864756885e-01 9.8122669849659749e-01 -1.4178741659784672e-01 -2.4192563579074777e+00 -1.3682188960781608e-01 -1.2379013545253265e-01 -9.8283049041469528e-01 -1.6392761772166328e-01 0 0 0 1</transform>
        <rotation_covariance>2.4988110607682462e-07 -1.3898038076638074e-08 -5.2330887907696932e-09 -1.3898038076638064e-08 4.2556689802881181e-07 -1.3669779440334778e-08 -5.2330887907696932e-09 -1.3669779440334774e-08 1.5078513243511189e-07</rotation_covariance>
        <location_covariance>4.0618216637858629e-05 -1.2454525131294846e-07 -1.5721256275115457e-06 -1.2454525131294846e-07 4.0700263597969163e-05 1.9803852636645377e-06 -1.5721256275115457e-06 1.9803852636645377e-06 6.4185343241963860e-05</location_covariance>
        <orientation>1</orientation>
        <reference x="170255.76606724871" y="2544558.4633085071" z="198.16601595948515" yaw="185.40000000000001" pitch="0" roll="-0" enabled="true" rotation_enabled="false"/>
      </camera>
      <camera id="26" sensor_id="0" component_id="0" label="DJI_0184">
        <transform>-9.7700409390950016e-01 1.6942860885877953e-01 1.2944862681486655e-01 -3.6361111612851125e+00 1.4959328606937727e-01 9.7729091130525536e-01 -1.5008105624331353e-01 -3.6367570209724280e+00 -1.5193699104247568e-01 -1.2726516090557494e-01 -9.8016260363912933e-01 -9.4416306981080861e-02 0 0 0 1</transform>
        <rotation_covariance>2.4565723661749826e-07 -1.2135739986214618e-08 -6.2699081050066642e-09 -1.2135739986214602e-08 4.2569584550155687e-07 -1.5041952742157213e-08 -6.2699081050066708e-09 -1.5041952742157223e-08 1.5105934247607503e-07</rotation_covariance>
        <location_covariance>3.7000799449153542e-05 -1.1824350269242078e-07 -1.4125698986103365e-06 -1.1824350269242078e-07 3.7077753484049138e-05 1.8055884646395164e-06 -1.4125698986103365e-06 1.8055884646395164e-06 5.8478570754140176e-05</location_covariance>
        <orientation>1</orientation>
        <reference x="170253.25810426293" y="2544529.6587733123" z="198.06601595779537" yaw="185.30000000000001" pitch="0" roll="-0" enabled="true" rotation_enabled="false"/>
      </camera>
      <camera id="27" sensor_id="0" component_id="0" label="DJI_0185">
        <transform>-9.6949000519291650e-01 2.0363904332442306e-01 1.3645610966516650e-01 -4.0316813230859179e+00 1.8122954691977833e-01 9.7027443498797639e-01 -1.6038507453006706e-01 -4.8985046800892871e+00 -1.6506053784684585e-01 -1.3076184780996730e-01 -9.7757677857190983e-01 -2.3463794199433754e-02 0 0 0 1</transform>
        <rotation_covariance>2.4180787621822215e-07 -7.8875639603942209e-09 -7.1576060056373654e-09 -7.8875639603942259e-09 4.2589690789900236e-07 -1.7040617511411442e-08 -7.1576060056373687e-09 -1.7040617511411435e-08 1.5141115306872614e-07</rotation_covariance>
        <location_covariance>3.3769227737723124e-05 -1.0750187578130291e-07 -1.2687407316109383e-06 -1.0750187578130291e-07 3.3848889205615368e-05 1.6465478697003463e-06 -1.2687407316109383e-06 1.6465478697003463e-06 5.3398815370795194e-05</location_covariance>
        <orientation>1</orientation>
        <reference x="170250.83980120925" y="2544501.1152404477" z="198.16601595760179" yaw="185.69999999999999" pitch="0.099999999999993788" roll="-0" enabled="true" rotation_enabled="false"/>
      </camera>
      <camera id="28" sensor_id="0" component_id="0" label="DJI_0186">
        <transform>-9.6617162789431710e-01 2.1721399869199481e-01 1.3903403980421231e-01 -4.4107924413639310e+00 1.9260970190861676e-01 9.6624455185505220e-01 -1.7109345031620354e-01 -6.1138265061426660e+00 -1.7150477597641134e-01 -1.3852633245222162e-01 -9.7539559514825458e-01 4.5085210027180057e-02 0 0 0 1</transform>
        <rotation_covariance>2.3902213131419833e-07 -7.3826180415863288e-09 -7.3618669672870621e-09 -7.3826180415863238e-09 4.2555276922911207e-07 -1.9491568925901272e-08 -7.3618669672870555e-09 -1.9491568925901282e-08 1.5180211550870146e-07</rotation_covariance>
        <location_covariance>3.1162173900594483e-05 -9.8987531171610191e-08 -1.1514540380821457e-06 -9.8987531171610191e-08 3.1244346059991862e-05 1.5130288497049693e-06 -1.1514540380821457e-06 1.5130288497049693e-06 4.9316468361132104e-05</location_covariance>
        <orientation>1</orientation>
        <reference x="170248.36546634391" y="2544472.747349252" z="198.16601595861511" yaw="185.40000000000001" pitch="0" roll="-0" enabled="true" rotation_enabled="false"/>
      </camera>
      <camera id="29" sensor_id="0" component_id="0" label="DJI_0187">
        <transform>-9.6155996806802690e-01 2.3599594405997029e-01 1.4038640317444570e-01 -4.8159105780690119e+00 2.0979883277126374e-01 9.6123932315924110e-01 -1.7889497863321524e-01 -7.4132206473690969e+00 -1.7716342053829851e-01 -1.4256534641913016e-01 -9.7380092648526617e-01 1.1932762208401047e-01 0 0 0 1</transform>
        <rotation_covariance>2.3668995204823460e-07 -5.6711478532417621e-09 -7.6154694240371868e-09 -5.6711478532417572e-09 4.2529074700417707e-07 -2.1149153101287232e-08 -7.6154694240371934e-09 -2.1149153101287232e-08 1.5209302513115124e-07</rotation_covariance>
        <location_covariance>2.8917877776816349e-05 -8.6547226821868684e-08 -1.0516971780181057e-06 -8.6547226821868684e-08 2.9003189146651372e-05 1.3967948722558886e-06 -1.0516971780181057e-06 1.3967948722558886e-06 4.5800199396531034e-05</location_covariance>
        <orientation>1</orientation>
        <reference x="170245.2678938738" y="2544435.3387389197" z="198.16601595661231" yaw="185.5" pitch="0" roll="-0" enabled="true" rotation_enabled="false"/>
      </camera>
      <camera id="30" sensor_id="0" component_id="0" label="DJI_0188">
        <transform>-9.5932494955325454e-01 2.4589635997649875e-01 1.3867451573722309e-01 -5.1898480413804675e+00 2.1781315107149837e-01 9.5721267924460285e-01 -1.9052904742761512e-01 -8.6112051556284293e+00 -1.7959140398401538e-01 -1.5257413556588789e-01 -9.7183746623155676e-01 1.9265217560720929e-01 0 0 0 1</transform>
