<?xml version="1.0" encoding="UTF-8"?>
<document version="1.5.0">
  <chunk label="z_vector" enabled="true">
    <sensors next_id="1">
      <sensor id="0" label="FC6310 (8.8mm)" type="frame">
        <resolution width="5472" height="3648"/>
        <property name="pixel_width" value="0.0024122807017543861"/>
        <property name="pixel_height" value="0.0024122807017543861"/>
        <property name="focal_length" value="8.8000000000000007"/>
        <property name="layer_index" value="0"/>
        <bands>
          <band label="Red"/>
          <band label="Green"/>
          <band label="Blue"/>
        </bands>
        <data_type>uint8</data_type>
        <calibration type="frame" class="adjusted">
          <resolution width="5472" height="3648"/>
          <f>3558.6935810688847</f>
          <cx>-30.053821429030041</cx>
          <cy>-50.46102648393142</cy>
          <b2>0.60994288329592594</b2>
          <k1>-0.023293950591231072</k1>
          <k2>0.0010211495063602377</k2>
          <p1>-0.0020563390797989395</p1>
          <p2>-0.0034768010782726196</p2>
        </calibration>
        <covariance>
          <params>f cx cy b2 k1 k2 p1 p2</params>
          <coeffs>7.7944180516635697e-01 -1.2998014710302982e-01 -1.3008421939935921e-01 -5.0084524273730736e-03 2.8927953768590622e-05 -2.7814480909404627e-06 -3.1368308952698246e-06 -3.4824608059603386e-06 -1.2998014710302982e-01 2.5047249393891389e-02 2.1788264864674983e-02 6.7066466318543925e-04 -5.0977711228566101e-06 5.1185242951646377e-07 7.3708215128282467e-07 5.9289065507211178e-07 -1.3008421939935921e-01 2.1788264864674983e-02 2.4079399227542188e-02 7.8878327015786129e-04 -4.4177419340785216e-06 4.6803416703695734e-07 4.7955738356461567e-07 6.7784731630306077e-07 -5.0084524273730736e-03 6.7066466318543925e-04 7.8878327015786129e-04 3.7123377092798029e-03 8.0644039449237391e-07 -9.0920146894304000e-08 -6.3057873686308231e-08 -5.8073058920136012e-08 2.8927953768590622e-05 -5.0977711228566101e-06 -4.4177419340785216e-06 8.0644039449237391e-07 8.8143494648173212e-09 -1.8800309458758781e-09 -7.1308459443338912e-10 -7.0320144164534818e-10 -2.7814480909404627e-06 5.1185242951646377e-07 4.6803416703695734e-07 -9.0920146894304000e-08 -1.8800309458758781e-09 1.4857938331929107e-09 7.1200642703681816e-11 6.9887047235931956e-11 -3.1368308952698246e-06 7.3708215128282467e-07 4.7955738356461567e-07 -6.3057873686308231e-08 -7.1308459443338912e-10 7.1200642703681816e-11 8.5817514475833780e-11 6.3796582995461403e-11 -3.4824608059603386e-06 5.9289065507211178e-07 6.7784731630306077e-07 -5.8073058920136012e-08 -7.0320144164534818e-10 6.9887047235931956e-11 6.3796582995461403e-11 7.8909500129395577e-11</coeffs>
        </covariance>
        <meta>
          <property name="Exif/BodySerialNumber" value="bd1fd5e42e5e29c01f18abf306ff667e"/>
          <property name="Exif/Make" value="DJI"/>
          <property name="Exif/Model" value="FC6310"/>
          <property name="Exif/Software" value="v01.04.1546"/>
        </meta>
      </sensor>
    </sensors>
    <components next_id="1" active_id="0">
      <component id="0" label="Component 1">
        <transform>
          <rotation locked="true">-7.5325032301449990e-01 3.3143601214912372e-01 -5.6812333232251400e-01 -6.3652285464731606e-01 -1.4973922751365371e-01 7.5658232814099335e-01 1.6568828078709441e-01 9.3151936834093818e-01 3.2375771807868386e-01</rotation>
          <translation locked="true">-2.9568709511568514e+06 5.0757899658624390e+06 2.4769102703564926e+06</translation>
          <scale locked="true">2.2066748728031282e+01</scale>
        </transform>
        <region>
          <center>-9.8555889131001333e+00 -1.4187500560565820e+01 -6.3408760744794277e+00</center>
          <size>2.0314452198369619e+01 1.0933842626116396e+01 3.8502547786366037e+00</size>
          <R>-2.2653705640120658e-01 -9.7165268715491449e-01 6.7616696323545084e-02 9.6988859219430701e-01 -2.1866217145350475e-01 1.0725191609749118e-01 -8.9426398834021287e-02 8.9877195772187918e-02 9.9192994151386849e-01</R>
        </region>
        <partition>
          <partition>
            <camera_ids>0 1 2 3 4 5 6 7 8 9 10 11 12 13 14 15 16 17 18 19 20 21 24 25 26 27 28 29 30 31 32 33 34 35 36 37 38 39 40 41 42 43 51 52 53 54 55 56 57 58 59 60 61 62 63 64 67 68 69 70 71 72 73 74 75 76 77 78 79 80 81 95 96 97 98 99 100 101 102 103 104 105 106 107 108 113 114 115 116 117 118 119 120 121 122 123 124 125 126</camera_ids>
          </partition>
          <partition>
            <camera_ids>44 45 46 47 48 49 50 82 83 84 85 86 87 88 89 90 91 92 93 94 127 128 129 130 131 132 133 134 135 136 137 138 139 140 141 142 143 144 145 146 147 148 149 150 151 152 153 159 160 161 162 163 164 165 166 167 168 169 170 171 172 173 174 175 176 177 178</camera_ids>
          </partition>
        </partition>
      </component>
    </components>
    <cameras next_id="202" next_group_id="0">
      <camera id="0" sensor_id="0" component_id="0" label="DJI_0158">
        <transform>9.8792798205844989e-01 -1.2502019698164157e-01 9.1478153744985066e-02 -8.0641820600595153e+00 -1.2042408624297588e-01 -9.9124362047883696e-01 -5.4167557749552953e-02 -2.5988793335125568e+01 9.7449175052762280e-02 4.2497472944616199e-02 -9.9433275269140042e-01 1.5920107458805464e+00 0 0 0 1</transform>
        <rotation_covariance>5.7847259443826454e-07 -1.4436589233422273e-07 9.0327621687305140e-09 -1.4436589233422267e-07 8.2303286360540938e-07 -1.9954835722367236e-08 9.0327621687305173e-09 -1.9954835722367246e-08 2.8252064368339467e-07</rotation_covariance>
        <location_covariance>9.1897650512041767e-05 -1.0173127733303568e-07 -4.8544383937667413e-06 -1.0173127733303568e-07 9.2072791087341802e-05 5.7934210101351738e-06 -4.8544383937667413e-06 5.7934210101351738e-06 1.5980396474851629e-04</location_covariance>
        <orientation>1</orientation>
        <reference x="170264.66830670324" y="2544016.7036028518" z="198.16601595268756" yaw="5.5999999999999996" pitch="0" roll="-0" enabled="true" rotation_enabled="false"/>
      </camera>
      <camera id="1" sensor_id="0" component_id="0" label="DJI_0159">
        <transform>9.9376669552063968e-01 -8.9550482295309833e-02 6.6396279976110126e-02 -7.6643833095073086e+00 -8.6837908905129005e-02 -9.9530786392841097e-01 -4.2678256516041624e-02 -2.4801816218120955e+01 6.9906598050349336e-02 3.6646515836324556e-02 -9.9688018358581354e-01 1.5042004060647634e+00 0 0 0 1</transform>
        <rotation_covariance>5.6153243310658201e-07 -1.5193256144075339e-07 3.7128478927708958e-09 -1.5193256144075337e-07 8.1071375867291173e-07 -2.1506547432598116e-08 3.7128478927708991e-09 -2.1506547432598122e-08 2.8218769315267786e-07</rotation_covariance>
        <location_covariance>8.3284544967588903e-05 -1.9646668530707727e-07 -4.4453608567510693e-06 -1.9646668530707727e-07 8.3285047057119906e-05 5.2915055845992267e-06 -4.4453608567510693e-06 5.2915055845992267e-06 1.4585737050605861e-04</location_covariance>
        <orientation>1</orientation>
        <reference x="170267.46872542141" y="2544044.2637901544" z="198.26601595430904" yaw="4.2000000000000002" pitch="0" roll="-0" enabled="true" rotation_enabled="false"/>
      </camera>
      <camera id="2" sensor_id="0" component_id="0" label="DJI_0160">
        <transform>9.9639131750387122e-01 -7.1289956381523994e-02 4.6066088633828640e-02 -7.2608839761764159e+00 -7.0023864808124822e-02 -9.9713699246935950e-01 -2.8539036537579554e-02 -2.3576289529778421e+01 4.7968747745097629e-02 2.5210322653235973e-02 -9.9853063992622992e-01 1.4156139411459783e+00 0 0 0 1</transform>
        <rotation_covariance>5.4532321049516531e-07 -1.5368202965446269e-07 7.6199698117064900e-10 -1.5368202965446269e-07 8.0524352916705117e-07 -2.5289156638691075e-08 7.6199698117065066e-10 -2.5289156638691075e-08 2.8260182870919910e-07</rotation_covariance>
        <location_covariance>7.5489428214454748e-05 -1.8719676001175548e-07 -4.0745002823852184e-06 -1.8719676001175548e-07 7.5504893878433065e-05 4.8659326885151276e-06 -4.0745002823852184e-06 4.8659326885151276e-06 1.3310712980651833e-04</location_covariance>
        <orientation>1</orientation>
        <reference x="170270.35802677175" y="2544073.5492542814" z="198.26601595227535" yaw="4" pitch="0" roll="-0" enabled="true" rotation_enabled="false"/>
      </camera>
      <camera id="3" sensor_id="0" component_id="0" label="DJI_0161">
        <transform>9.9795321087635580e-01 -5.8093499780040712e-02 2.6730772246206094e-02 -6.8616073908460269e+00 -5.7408797261490972e-02 -9.9801973170605973e-01 -2.5706908066792190e-02 -2.2346715018046286e+01 2.8171242403578097e-02 2.4119709962433129e-02 -9.9931207372510378e-01 1.3296030385852462e+00 0 0 0 1</transform>
        <rotation_covariance>5.3132055834568985e-07 -1.5494322189989346e-07 -2.9661441373020351e-09 -1.5494322189989346e-07 8.0196053545938355e-07 -2.3531642256637808e-08 -2.9661441373020393e-09 -2.3531642256637808e-08 2.8267649736772626e-07</rotation_covariance>
        <location_covariance>6.8635481700003056e-05 -1.9373116909864779e-07 -3.7601094641590231e-06 -1.9373116909864779e-07 6.8661500834387484e-05 4.5337314018516452e-06 -3.7601094641590231e-06 4.5337314018516452e-06 1.2193545087824918e-04</location_covariance>
        <orientation>1</orientation>
        <reference x="170273.11090098281" y="2544102.8877384188" z="198.26601595208808" yaw="3.8000000000000007" pitch="0" roll="-0" enabled="true" rotation_enabled="false"/>
      </camera>
      <camera id="4" sensor_id="0" component_id="0" label="DJI_0162">
        <transform>9.9838298934863801e-01 -5.5813598929814315e-02 1.0781871534128854e-02 -6.4793015864816956e+00 -5.5584606446584736e-02 -9.9824383705043218e-01 -2.0483977079844062e-02 -2.1156102999515142e+01 1.1906221292035547e-02 1.9851548184741385e-02 -9.9973204306414720e-01 1.2512461071975296e+00 0 0 0 1</transform>
        <rotation_covariance>5.1683995551171607e-07 -1.5268208420922778e-07 -5.5322829621974576e-09 -1.5268208420922776e-07 8.0221255315261779e-07 -2.3594983317493030e-08 -5.5322829621974576e-09 -2.3594983317493030e-08 2.8297747075201024e-07</rotation_covariance>
        <location_covariance>6.2927415570591613e-05 -1.8275793293170069e-07 -3.5345557740709317e-06 -1.8275793293170069e-07 6.2978679988792385e-05 4.2583487992985292e-06 -3.5345557740709317e-06 4.2583487992985292e-06 1.1261597866831968e-04</location_covariance>
        <orientation>1</orientation>
        <reference x="170275.71808092637" y="2544131.605604222" z="198.06601595392439" yaw="3.8000000000000007" pitch="0" roll="-0" enabled="true" rotation_enabled="false"/>
      </camera>
      <camera id="5" sensor_id="0" component_id="0" label="DJI_0163">
        <transform>9.9813368109485112e-01 -6.1020553789480451e-02 -2.3762742406908685e-03 -6.0896385732086991e+00 -6.1061241558147177e-02 -9.9781209067142451e-01 -2.5348697980313407e-02 -1.9885023138846275e+01 -8.2428357951139957e-04 2.5446487481471051e-02 -9.9967584587777047e-01 1.1728267462270781e+00 0 0 0 1</transform>
        <rotation_covariance>5.0059666453646460e-07 -1.4745071919858036e-07 -8.7325086641658676e-09 -1.4745071919858036e-07 8.0548352477222025e-07 -1.9134546376399303e-08 -8.7325086641658676e-09 -1.9134546376399300e-08 2.8283411796324682e-07</rotation_covariance>
        <location_covariance>5.7758736419445001e-05 -1.7576424967912215e-07 -3.3666260392565216e-06 -1.7576424967912215e-07 5.7793941016487267e-05 4.0097614592060901e-06 -3.3666260392565216e-06 4.0097614592060901e-06 1.0407331080421284e-04</location_covariance>
        <orientation>1</orientation>
        <reference x="170278.01411442587" y="2544160.7250268501" z="197.96601595551968" yaw="4.2999999999999998" pitch="0" roll="-0" enabled="true" rotation_enabled="false"/>
      </camera>
      <camera id="6" sensor_id="0" component_id="0" label="DJI_0164">
        <transform>9.9823919878393852e-01 -5.8596908676601306e-02 -9.2143531920181581e-03 -5.6913229105965826e+00 -5.8878090304512964e-02 -9.9768688678659523e-01 -3.3974202215267847e-02 -1.8592282892165162e+01 -7.2022561253282918e-03 3.4456903918029802e-02 -9.9938023258371922e-01 1.0952669683226188e+00 0 0 0 1</transform>
        <rotation_covariance>4.8928920513257732e-07 -1.4431116122518006e-07 -1.0669314819017523e-08 -1.4431116122518006e-07 8.0770527221935260e-07 -1.4058477456630256e-08 -1.0669314819017523e-08 -1.4058477456630263e-08 2.8264843959594354e-07</rotation_covariance>
        <location_covariance>5.3565756176478272e-05 -1.6665196057019096e-07 -3.2533415593189345e-06 -1.6665196057019096e-07 5.3591811410249086e-05 3.8055929030193761e-06 -3.2533415593189345e-06 3.8055929030193761e-06 9.7049226631355933e-05</location_covariance>
        <orientation>1</orientation>
        <reference x="170280.45551672729" y="2544190.4066239516" z="197.96601595449675" yaw="4.7999999999999998" pitch="0.099999999999993788" roll="-0" enabled="true" rotation_enabled="false"/>
      </camera>
      <camera id="7" sensor_id="0" component_id="0" label="DJI_0165">
        <transform>9.9764514634059798e-01 -6.7114048296519957e-02 -1.4137415050118375e-02 -5.2806741128346637e+00 -6.7601574562258751e-02 -9.9701056053252668e-01 -3.7416163663854286e-02 -1.7308120006571158e+01 -1.1584001888393088e-02 3.8283765591557856e-02 -9.9919976190568627e-01 1.0286679818405502e+00 0 0 0 1</transform>
        <rotation_covariance>4.7644104985115354e-07 -1.3688410205477809e-07 -1.1782175034811600e-08 -1.3688410205477815e-07 8.1222854071931500e-07 -1.1845111070696669e-08 -1.1782175034811600e-08 -1.1845111070696672e-08 2.8261300213597732e-07</rotation_covariance>
        <location_covariance>5.0476621210154086e-05 -1.5382322668653803e-07 -3.2316152454275287e-06 -1.5382322668653803e-07 5.0501298662594232e-05 3.6762735034104882e-06 -3.2316152454275287e-06 3.6762735034104882e-06 9.1842348830527065e-05</location_covariance>
        <orientation>1</orientation>
        <reference x="170283.09811042302" y="2544219.8995071556" z="197.96601595557129" yaw="5.2999999999999998" pitch="0" roll="-0" enabled="true" rotation_enabled="false"/>
      </camera>
      <camera id="8" sensor_id="0" component_id="0" label="DJI_0166">
        <transform>9.9857312162385758e-01 -4.9830895182279455e-02 -1.9199027467994366e-02 -4.8961388336469875e+00 -5.0576469325453469e-02 -9.9789735893775899e-01 -4.0532478034509822e-02 -1.6111069025215841e+01 -1.7138889140069346e-02 4.1445662141885053e-02 -9.9899375151632752e-01 9.6141292212800555e-01 0 0 0 1</transform>
        <rotation_covariance>4.7331097704677416e-07 -1.3795009796463939e-07 -1.2581759842546486e-08 -1.3795009796463939e-07 8.0994954614159290e-07 -1.0020483263251360e-08 -1.2581759842546487e-08 -1.0020483263251342e-08 2.8268510626996982e-07</rotation_covariance>
        <location_covariance>4.8507006243475648e-05 -1.3337917875842468e-07 -3.2208079738549385e-06 -1.3337917875842468e-07 4.8591774240453104e-05 3.5746894419550199e-06 -3.2208079738549385e-06 3.5746894419550199e-06 8.8402414440445366e-05</location_covariance>
        <orientation>1</orientation>
        <reference x="170284.85534528422" y="2544239.2517830748" z="198.06601595453935" yaw="4.4000000000000004" pitch="0" roll="-0" enabled="true" rotation_enabled="false"/>
      </camera>
      <camera id="9" sensor_id="0" component_id="0" label="DJI_0167">
        <transform>9.9913566075662330e-01 -3.0447146214877444e-02 -2.8300224235786320e-02 -4.4909355684844847e+00 -3.1514421503171859e-02 -9.9877821845599868e-01 -3.8064571128292590e-02 -1.4837212473624893e+01 -2.7106689981374225e-02 3.8923535620885408e-02 -9.9887445944574194e-01 8.7630692991612591e-01 0 0 0 1</transform>
        <rotation_covariance>4.7228080827979585e-07 -1.3972665244642067e-07 -1.3666097386797983e-08 -1.3972665244642067e-07 8.0686662792769496e-07 -1.0621389292999418e-08 -1.3666097386797987e-08 -1.0621389292999418e-08 2.8292242642909901e-07</rotation_covariance>
        <location_covariance>4.7360462237490492e-05 -1.3830278148438039e-07 -3.2027604202432129e-06 -1.3830278148438039e-07 4.7471172928796845e-05 3.4637643829350527e-06 -3.2027604202432129e-06 3.4637643829350527e-06 8.6147233361392547e-05</location_covariance>
        <orientation>1</orientation>
        <reference x="170288.10018402545" y="2544275.9828464948" z="198.16601595638934" yaw="3.6000000000000001" pitch="0.099999999999993788" roll="-0" enabled="true" rotation_enabled="false"/>
      </camera>
      <camera id="10" sensor_id="0" component_id="0" label="DJI_0168">
        <transform>9.9911594710090590e-01 -1.9618126028254693e-02 -3.7181357960671631e-02 -4.1106128595042346e+00 -2.0836333551929855e-02 -9.9924915088340949e-01 -3.2664685256364026e-02 -1.3607748273742793e+01 -3.6512620458860612e-02 3.3410531123047399e-02 -9.9877453159224228e-01 7.8666564062484379e-01 0 0 0 1</transform>
        <rotation_covariance>4.7033182949995021e-07 -1.3837842633252913e-07 -1.4523338082424084e-08 -1.3837842633252910e-07 8.0595917595438042e-07 -1.2882232960864928e-08 -1.4523338082424080e-08 -1.2882232960864924e-08 2.8326236319614075e-07</rotation_covariance>
        <location_covariance>4.7149183635312108e-05 -1.4245806833175853e-07 -3.1882596432637028e-06 -1.4245806833175853e-07 4.7262580084307597e-05 3.3690826067348505e-06 -3.1882596432637028e-06 3.3690826067348505e-06 8.5238037613938642e-05</location_covariance>
        <orientation>1</orientation>
        <reference x="170290.23446233806" y="2544302.5314297318" z="198.16601595611348" yaw="3.2000000000000002" pitch="0" roll="-0" enabled="true" rotation_enabled="false"/>
      </camera>
      <camera id="11" sensor_id="0" component_id="0" label="DJI_0169">
        <transform>9.9889757545112112e-01 -1.8598177597616894e-02 -4.3101526050931649e-02 -3.7373300522361781e+00 -1.9545620368750162e-02 -9.9957419765071776e-01 -2.1665459037939205e-02 -1.2393734913130263e+01 -4.2680235264960037e-02 2.2484020569538354e-02 -9.9883575543567527e-01 6.9803035714895312e-01 0 0 0 1</transform>
        <rotation_covariance>4.6779643252194495e-07 -1.3298532861566949e-07 -1.4364619326412341e-08 -1.3298532861566955e-07 8.0786341763111683e-07 -1.8434190602773847e-08 -1.4364619326412336e-08 -1.8434190602773844e-08 2.8381531312753061e-07</rotation_covariance>
        <location_covariance>4.7867613241401203e-05 -1.2120612879998693e-07 -3.2102719777825990e-06 -1.2120612879998693e-07 4.7984250066246566e-05 3.3086826972647499e-06 -3.2102719777825990e-06 3.3086826972647499e-06 8.5663438211829653e-05</location_covariance>
        <orientation>1</orientation>
        <reference x="170292.33398094826" y="2544329.5077897809" z="198.26601595760633" yaw="3.5000000000000004" pitch="0" roll="-0" enabled="true" rotation_enabled="false"/>
      </camera>
      <camera id="12" sensor_id="0" component_id="0" label="DJI_0170">
        <transform>9.9871572719701174e-01 -1.6262888768286798e-02 -4.7983483598577598e-02 -3.3558261918597134e+00 -1.6916133429878022e-02 -9.9976925479710121e-01 -1.3239395463210544e-02 -1.1160600564282701e+01 -4.7757100824141308e-02 1.4034087478673367e-02 -9.9876038353026075e-01 6.1054428149129703e-01 0 0 0 1</transform>
        <rotation_covariance>4.6771893873232417e-07 -1.2854254076720757e-07 -1.4554035423342779e-08 -1.2854254076720757e-07 8.1044777649106501e-07 -2.2940149056562895e-08 -1.4554035423342778e-08 -2.2940149056562895e-08 2.8440527146912395e-07</rotation_covariance>
        <location_covariance>4.9569355659937881e-05 -1.3513891750340271e-07 -3.2871176035875027e-06 -1.3513891750340271e-07 4.9676152495437065e-05 3.2790101625509222e-06 -3.2871176035875027e-06 3.2790101625509222e-06 8.7507475737520153e-05</location_covariance>
        <orientation>1</orientation>
        <reference x="170294.63082865509" y="2544357.1783253737" z="198.16601595618789" yaw="3.6000000000000001" pitch="0.099999999999993788" roll="-0" enabled="true" rotation_enabled="false"/>
      </camera>
      <camera id="13" sensor_id="0" component_id="0" label="DJI_0171">
        <transform>9.9857194059381205e-01 -1.6390747246777596e-02 -5.0847053635388946e-02 -2.9473620820839850e+00 -1.7000384279655174e-02 -9.9978841865473167e-01 -1.1580365202140508e-02 -9.8490323355314704e+00 -5.0646484508324166e-02 1.2428247203976395e-02 -9.9863931040110032e-01 5.3339682737959737e-01 0 0 0 1</transform>
        <rotation_covariance>4.6917738864313319e-07 -1.2144750922834397e-07 -1.5561743901447990e-08 -1.2144750922834397e-07 8.1436527036758869e-07 -2.4344526229114460e-08 -1.5561743901447993e-08 -2.4344526229114450e-08 2.8473675875709783e-07</rotation_covariance>
        <location_covariance>5.2442382889869323e-05 -1.1109803446804543e-07 -3.4817194546323094e-06 -1.1109803446804543e-07 5.2551704428347893e-05 3.2882976842588448e-06 -3.4817194546323094e-06 3.2882976842588448e-06 9.1058253342436542e-05</location_covariance>
        <orientation>1</orientation>
        <reference x="170296.9645571427" y="2544385.8976502288" z="198.06601595523159" yaw="4" pitch="0" roll="-0" enabled="true" rotation_enabled="false"/>
      </camera>
      <camera id="14" sensor_id="0" component_id="0" label="DJI_0172">
        <transform>9.9858889728205691e-01 -1.6054616782594539e-02 -5.0620781354790541e-02 -2.5691956284920421e+00 -1.6415514644594755e-02 -9.9984266214728157e-01 -6.7217430172556436e-03 -8.6395150553222564e+00 -5.0504901781496130e-02 7.5432241250649734e-03 -9.9869532624611823e-01 4.6224438860062039e-01 0 0 0 1</transform>
        <rotation_covariance>4.7285786340566032e-07 -1.1506763367096875e-07 -1.5812647695029937e-08 -1.1506763367096877e-07 8.1757451449701807e-07 -2.7826752227165659e-08 -1.5812647695029941e-08 -2.7826752227165656e-08 2.8516082517181409e-07</rotation_covariance>
        <location_covariance>5.6004717793563731e-05 -1.3884266476596935e-07 -3.6994619908963412e-06 -1.3884266476596935e-07 5.6152680563322596e-05 3.3380766971106800e-06 -3.6994619908963412e-06 3.3380766971106800e-06 9.5791484241160237e-05</location_covariance>
        <orientation>1</orientation>
        <reference x="170299.42612472616" y="2544415.096185348" z="198.06601595786205" yaw="4" pitch="0" roll="-0" enabled="true" rotation_enabled="false"/>
      </camera>
      <camera id="15" sensor_id="0" component_id="0" label="DJI_0173">
        <transform>9.9856349462493377e-01 -8.0246300362674695e-03 -5.2976905489287858e-02 -2.2036209929612833e+00 -8.3590799312016403e-03 -9.9994648957089560e-01 -6.0945695128290234e-03 -7.4722722141244482e+00 -5.2925164006771726e-02 6.5286528184578252e-03 -9.9857713958773986e-01 3.8321006323527290e-01 0 0 0 1</transform>
        <rotation_covariance>4.7937883743522407e-07 -1.1155315049021649e-07 -1.6996919384570813e-08 -1.1155315049021650e-07 8.1965764358544900e-07 -2.9001116890451505e-08 -1.6996919384570806e-08 -2.9001116890451505e-08 2.8549088494221825e-07</rotation_covariance>
        <location_covariance>6.0322475014326297e-05 -1.6899991315323381e-07 -3.9147879242872839e-06 -1.6899991315323381e-07 6.0477734155671928e-05 3.4010355286785736e-06 -3.9147879242872839e-06 3.4010355286785736e-06 1.0171792218569436e-04</location_covariance>
        <orientation>1</orientation>
        <reference x="170301.84564726945" y="2544443.8858099375" z="198.16601595749529" yaw="3.9000000000000008" pitch="0.099999999999993788" roll="-0" enabled="true" rotation_enabled="false"/>
      </camera>
      <camera id="16" sensor_id="0" component_id="0" label="DJI_0174">
        <transform>9.9837048653544169e-01 -2.5762353679768559e-02 -5.0918294824788900e-02 -1.8156037773157994e+00 -2.6008457927357537e-02 -9.9965299807643138e-01 -4.1765479817868489e-03 -6.2249872460772631e+00 -5.0793028372272508e-02 5.4940485692985680e-03 -9.9869408914796931e-01 3.0799141745748965e-01 0 0 0 1</transform>
        <rotation_covariance>4.8169956303277878e-07 -9.8060717219378304e-08 -1.8184941642114847e-08 -9.8060717219378317e-08 8.2709424205323534e-07 -3.1090698335909576e-08 -1.8184941642114850e-08 -3.1090698335909576e-08 2.8581423616725804e-07</rotation_covariance>
        <location_covariance>6.5859976200123742e-05 -1.8221333443062820e-07 -4.2345149728170458e-06 -1.8221333443062820e-07 6.5990084498709228e-05 3.4980320677731736e-06 -4.2345149728170458e-06 3.4980320677731736e-06 1.0952538901120490e-04</location_covariance>
        <orientation>1</orientation>
        <reference x="170304.24730968516" y="2544472.5309488797" z="198.16601595830159" yaw="4.4000000000000004" pitch="0" roll="-0" enabled="true" rotation_enabled="false"/>
      </camera>
      <camera id="17" sensor_id="0" component_id="0" label="DJI_0175">
        <transform>9.9869425525736411e-01 -1.1648278653873360e-02 -4.9740347006644828e-02 -1.4198345870816906e+00 -1.1823148377967265e-02 -9.9992491033568465e-01 -3.2228640377303208e-03 -4.9562025305622832e+00 -4.9699071202310131e-02 3.8067433029878536e-03 -9.9875698296785542e-01 2.2653755675633447e-01 0 0 0 1</transform>
        <rotation_covariance>4.9507255774807632e-07 -9.4188409527399067e-08 -1.8945693178024714e-08 -9.4188409527399093e-08 8.2931397389823960e-07 -3.3312086843676250e-08 -1.8945693178024714e-08 -3.3312086843676250e-08 2.8628452495713394e-07</rotation_covariance>
        <location_covariance>7.2536674888024451e-05 -1.8907395354806823e-07 -4.6048926449007422e-06 -1.8907395354806823e-07 7.2724887403642014e-05 3.6172337942000749e-06 -4.6048926449007422e-06 3.6172337942000749e-06 1.1914117660985948e-04</location_covariance>
        <orientation>1</orientation>
        <reference x="170306.69038302216" y="2544501.4681082247" z="198.16601595790021" yaw="3.6999999999999997" pitch="0" roll="-0" enabled="true" rotation_enabled="false"/>
      </camera>
      <camera id="18" sensor_id="0" component_id="0" label="DJI_0176">
        <transform>9.9829972198255690e-01 -3.5715507993729446e-02 -4.6065904726807112e-02 -1.0446155055169186e+00 -3.5360981811228903e-02 -9.9933855525679172e-01 8.4884004743841501e-03 -3.7400784180842290e+00 -4.6338602211281305e-02 -6.8450322144913978e-03 -9.9890233730785050e-01 1.5367432812022147e-01 0 0 0 1</transform>
        <rotation_covariance>5.0766513883867600e-07 -7.6560186554480848e-08 -1.9182604996917922e-08 -7.6560186554480862e-08 8.4020835472568281e-07 -4.1360416440899570e-08 -1.9182604996917912e-08 -4.1360416440899570e-08 2.8796291792526892e-07</rotation_covariance>
        <location_covariance>8.0059366265570336e-05 -1.5831295156520047e-07 -5.1185654358838006e-06 -1.5831295156520047e-07 8.0341658421721125e-05 3.6746514885934058e-06 -5.1185654358838006e-06 3.6746514885934058e-06 1.2998010437537680e-04</location_covariance>
        <orientation>1</orientation>
        <reference x="170309.08380431091" y="2544530.7100755791" z="198.16601595932934" yaw="4.7999999999999998" pitch="0.099999999999993788" roll="-0" enabled="true" rotation_enabled="false"/>
      </camera>
      <camera id="19" sensor_id="0" component_id="0" label="DJI_0177">
        <transform>9.9900572635545859e-01 -1.4157679218317069e-02 -4.2274328240118508e-02 -6.5944589004030096e-01 -1.3870798530797137e-02 -9.9987878788663931e-01 7.0718089950816965e-03 -2.4992889385790678e+00 -4.2369324482697222e-02 -6.4783989917352458e-03 -9.9908101307620845e-01 8.3446769157300593e-02 0 0 0 1</transform>
        <rotation_covariance>5.4770116080316737e-07 -6.9868543659221693e-08 -1.9068858406660152e-08 -6.9868543659221680e-08 8.5447138319194581e-07 -4.6036682642217332e-08 -1.9068858406660149e-08 -4.6036682642217325e-08 2.9066523102366478e-07</rotation_covariance>
        <location_covariance>8.9286913466302665e-05 -1.0990205877078970e-07 -6.0453681782091707e-06 -1.0990205877078970e-07 9.0022683111158595e-05 3.3001560556160616e-06 -6.0453681782091707e-06 3.3001560556160616e-06 1.4321635410496081e-04</location_covariance>
        <orientation>1</orientation>
        <reference x="170311.5254181223" y="2544559.9117978965" z="198.06601595796809" yaw="3.6000000000000001" pitch="0.099999999999993788" roll="-0" enabled="true" rotation_enabled="false"/>
      </camera>
      <camera id="20" sensor_id="0" component_id="0" label="DJI_0178">
        <transform>9.9914394282558261e-01 -1.5744247082375169e-02 -3.8255721124534084e-02 -2.7521649534010367e-01 -1.5528207123303708e-02 -9.9986179875107795e-01 5.9378600349895552e-03 -1.2834618759958047e+00 -3.8343921271627696e-02 -5.3387341260328061e-03 -9.9925033981452660e-01 8.9126394569959619e-03 0 0 0 1</transform>
        <rotation_covariance>7.8803564316652819e-07 -9.4317437680394455e-08 -1.9060688759158415e-08 -9.4317437680394469e-08 9.9426243898859594e-07 -9.7717759915865665e-08 -1.9060688759158418e-08 -9.7717759915865665e-08 3.2200467180968282e-07</rotation_covariance>
        <location_covariance>1.0825109049087069e-04 -4.2590679297213295e-06 -1.0224300671107458e-05 -4.2590679297213295e-06 1.1320315758729841e-04 -2.8622825624054080e-07 -1.0224300671107458e-05 -2.8622825624054080e-07 1.6196507452324622e-04</location_covariance>
        <orientation>1</orientation>
        <reference x="170314.03833204909" y="2544589.1346766595" z="198.06601595834414" yaw="3.8999999999999999" pitch="0" roll="-0" enabled="true" rotation_enabled="false"/>
      </camera>
      <camera id="21" sensor_id="0" component_id="0" label="DJI_0179">
        <transform>9.9933573374025420e-01 -1.4595195522120583e-02 -3.3392686886492079e-02 8.4258901398312269e-02 -1.3202508076384985e-02 -9.9904905407032751e-01 4.1553355360018973e-02 -3.1339090406336950e-01 -3.3967411592896180e-02 -4.1084885649762537e-02 -9.9857811267863483e-01 7.7606588308274368e-02 0 0 0 1</transform>
        <rotation_covariance>3.1873888482143107e-05 -5.0385726155323812e-06 -1.9167774007467864e-06 -5.0385726155323812e-06 1.4858154009544737e-05 -5.4843613962070382e-06 -1.9167774007467864e-06 -5.4843613962070391e-06 3.9599520916599472e-06</rotation_covariance>
        <location_covariance>1.1611597357746078e-03 -4.6697314806970551e-04 -4.7604034958825180e-04 -4.6697314806970551e-04 2.1300946428289449e-03 -5.7758954096086312e-04 -4.7604034958825180e-04 -5.7758954096086312e-04 7.7438640204113146e-04</location_covariance>
        <orientation>1</orientation>
        <reference x="170315.74349374051" y="2544608.3457324193" z="198.16601595841115" yaw="4.0999999999999996" pitch="0.099999999999993788" roll="-0" enabled="true" rotation_enabled="false"/>
      </camera>
      <camera id="24" sensor_id="0" component_id="0" label="DJI_0182">
        <transform>-9.9215337143895876e-01 9.3838725276101084e-02 8.2619496372604212e-02 -2.4634811075247285e+00 8.2516612317512686e-02 9.8792143510814567e-01 -1.3115733584326461e-01 4.6091467702117757e-02 -9.3929208630476851e-02 -1.2331071199380084e-01 -9.8791283627333937e-01 -2.9177262176044455e-01 0 0 0 1</transform>
        <rotation_covariance>7.1434207429629394e-06 -5.6463474682574807e-07 7.2107636757031205e-07 -5.6463474682574807e-07 2.3090545807091403e-06 4.4000117629551439e-07 7.2107636757031173e-07 4.4000117629551439e-07 6.6971993628399397e-07</rotation_covariance>
        <location_covariance>2.2070918108520968e-04 2.4538695398802311e-05 -2.5829846461949456e-05 2.4538695398802311e-05 4.4664105491784898e-04 -2.1573456423099044e-04 -2.5829846461949456e-05 -2.1573456423099044e-04 2.7602070178058409e-04</location_covariance>
        <orientation>1</orientation>
        <reference x="170260.31705011197" y="2544607.8829276883" z="198.26601595899567" yaw="185.5" pitch="0" roll="-0" enabled="true" rotation_enabled="false"/>
      </camera>
      <camera id="25" sensor_id="0" component_id="0" label="DJI_0183">
        <transform>-9.8196720260864745e-01 1.4803961233621696e-01 1.1757842565832267e-01 -3.2420726649686968e+00 1.3088257350858268e-01 9.8113991960695990e-01 -1.4224700385392441e-01 -2.4020584150987272e+00 -1.3641907840444298e-01 -1.2429292551465071e-01 -9.8282302766789686e-01 -1.4629198583333156e-01 0 0 0 1</transform>
        <rotation_covariance>5.1675573174245847e-07 -4.3382815725307169e-08 -1.1014214293415929e-08 -4.3382815725307135e-08 8.2321202052329176e-07 -2.4602611651087787e-08 -1.1014214293415916e-08 -2.4602611651087774e-08 2.8368603936109607e-07</rotation_covariance>
        <location_covariance>7.3444011970850130e-05 2.5297381547747309e-08 -3.6755353376904610e-06 2.5297381547747309e-08 7.3623011397095652e-05 2.1088138197664457e-06 -3.6755353376904610e-06 2.1088138197664457e-06 1.0715077683989473e-04</location_covariance>
        <orientation>1</orientation>
        <reference x="170255.76606724871" y="2544558.4633085071" z="198.16601595948515" yaw="185.40000000000001" pitch="0" roll="-0" enabled="true" rotation_enabled="false"/>
      </camera>
      <camera id="26" sensor_id="0" component_id="0" label="DJI_0184">
        <transform>-9.7703482400098163e-01 1.6962931444861165e-01 1.2895289205389973e-01 -3.6231468351354792e+00 1.4976859041782117e-01 9.7717462791368637e-01 -1.5066225766928959e-01 -3.6202588605590433e+00 -1.5156622979288495e-01 -1.2788917953229101e-01 -9.8013878392038323e-01 -7.6434985032399788e-02 0 0 0 1</transform>
        <rotation_covariance>4.9627421534309554e-07 -4.2525975849309661e-08 -1.1962507154606639e-08 -4.2525975849309648e-08 8.2283129425524766e-07 -2.7362835165236450e-08 -1.1962507154606625e-08 -2.7362835165236469e-08 2.8349729903259654e-07</rotation_covariance>
        <location_covariance>6.5544207735968965e-05 -1.0812483639625177e-08 -3.1991339534064371e-06 -1.0812483639625177e-08 6.5681714028413161e-05 1.9994592172589031e-06 -3.1991339534064371e-06 1.9994592172589031e-06 9.5508740854011772e-05</location_covariance>
        <orientation>1</orientation>
        <reference x="170253.25810426293" y="2544529.6587733123" z="198.06601595779537" yaw="185.30000000000001" pitch="0" roll="-0" enabled="true" rotation_enabled="false"/>
      </camera>
      <camera id="27" sensor_id="0" component_id="0" label="DJI_0185">
        <transform>-9.6952547891480201e-01 2.0383492239628875e-01 1.3591052257541678e-01 -4.0190544493990705e+00 1.8139633840473038e-01 9.7014265409112255e-01 -1.6099254369811189e-01 -4.8834725942214874e+00 -1.6466849774131212e-01 -1.3143270188476985e-01 -9.7755292988507203e-01 -4.7470481218565121e-03 0 0 0 1</transform>
        <rotation_covariance>4.7757282352915851e-07 -3.6890856018743982e-08 -1.2500972621789263e-08 -3.6890856018743988e-08 8.2405086664443626e-07 -3.1024343343320930e-08 -1.2500972621789282e-08 -3.1024343343320923e-08 2.8376957993730772e-07</rotation_covariance>
        <location_covariance>5.8420879016340219e-05 -2.1516319726614132e-08 -2.7833954154805098e-06 -2.1516319726614132e-08 5.8556066316705877e-05 1.8714941281915193e-06 -2.7833954154805098e-06 1.8714941281915193e-06 8.5160965400790726e-05</location_covariance>
        <orientation>1</orientation>
        <reference x="170250.83980120925" y="2544501.1152404477" z="198.16601595760179" yaw="185.69999999999999" pitch="0.099999999999993788" roll="-0" enabled="true" rotation_enabled="false"/>
      </camera>
      <camera id="28" sensor_id="0" component_id="0" label="DJI_0186">
        <transform>-9.6619406587438661e-01 2.1739918110760770e-01 1.3858796168089063e-01 -4.3995768499689483e+00 1.9275358490037803e-01 9.6611004146773760e-01 -1.7168996267475831e-01 -6.1001716482058503e+00 -1.7121647869634252e-01 -1.3917249666851889e-01 -9.7535426056068286e-01 6.4633712367436397e-02 0 0 0 1</transform>
        <rotation_covariance>4.6300571643076796e-07 -3.7905977350543161e-08 -1.1770392113898322e-08 -3.7905977350543174e-08 8.2324939554383406e-07 -3.5600161715550567e-08 -1.1770392113898322e-08 -3.5600161715550587e-08 2.8424611797142325e-07</rotation_covariance>
        <location_covariance>5.2508625472786180e-05 -2.4749858175130578e-08 -2.4449775916592635e-06 -2.4749858175130578e-08 5.2647962541763118e-05 1.7597092793857030e-06 -2.4449775916592635e-06 1.7597092793857030e-06 7.6778827476544468e-05</location_covariance>
        <orientation>1</orientation>
        <reference x="170248.36546634391" y="2544472.747349252" z="198.16601595861511" yaw="185.40000000000001" pitch="0" roll="-0" enabled="true" rotation_enabled="false"/>
      </camera>
      <camera id="29" sensor_id="0" component_id="0" label="DJI_0187">
        <transform>-9.6156650812532862e-01 2.3623603315879449e-01 1.3993708260879217e-01 -4.8054634075047558e+00 2.0999607352683278e-01 9.6108482613491586e-01 -1.7949263515958180e-01 -7.4008244635168676e+00 -1.7689403482021682e-01 -1.4320786853596629e-01 -9.7375561966769131e-01 1.3981131198212809e-01 0 0 0 1</transform>
        <rotation_covariance>4.5085461768173225e-07 -3.6172655395394478e-08 -1.1325612946106196e-08 -3.6172655395394485e-08 8.2328133521786034e-07 -3.8710410247643461e-08 -1.1325612946106203e-08 -3.8710410247643481e-08 2.8465089659747361e-07</rotation_covariance>
        <location_covariance>4.7244779590069004e-05 -5.5835986750166781e-09 -2.1480518217831060e-06 -5.5835986750166781e-09 4.7400358843357793e-05 1.6642805370651651e-06 -2.1480518217831060e-06 1.6642805370651651e-06 6.9461914153112750e-05</location_covariance>
        <orientation>1</orientation>
        <reference x="170245.2678938738" y="2544435.3387389197" z="198.16601595661231" yaw="185.5" pitch="0" roll="-0" enabled="true" rotation_enabled="false"/>
      </camera>
      <camera id="30" sensor_id="0" component_id="0" label="DJI_0188">
        <transform>-9.5931904071660545e-01 2.4616301875728358e-01 1.3824162294646594e-01 -5.1802649571448693e+00 2.1802526879891690e-01 9.5703277309597634e-01 -1.9118905142655690e-01 -8.5995112121798272e+00 -1.7936543781824732e-01 -1.5327113040794094e-01 -9.7176952015369389e-01 2.1403385564027075e-01 0 0 0 1</transform>
        <rotation_covariance>4.4252453054575740e-07 -3.6994286699252901e-08 -1.0359452730279678e-08 -3.6994286699252947e-08 8.2223369360673179e-07 -4.4411198289383529e-08 -1.0359452730279678e-08 -4.4411198289383549e-08 2.8549054835315400e-07</rotation_covariance>
        <location_covariance>4.3330853633534532e-05 1.5755240932337782e-08 -1.9389919493929791e-06 1.5755240932337782e-08 4.3474503844248540e-05 1.6164934202708593e-06 -1.9389919493929791e-06 1.6164934202708593e-06 6.4150483539199404e-05</location_covariance>
        <orientation>1</orientation>
        <reference x="170242.90895483369" y="2544407.2532481393" z="198.06601595612892" yaw="185.30000000000001" pitch="0" roll="-0" enabled="true" rotation_enabled="false"/>
      </camera>
      <camera id="31" sensor_id="0" component_id="0" label="DJI_0189">
        <transform>-9.5571348844668913e-01 2.6135340518801164e-01 1.3530013155090162e-01 -5.5724749453466700e+00 2.3262321107244305e-01 9.5247237615318836e-01 -1.9667947105746825e-01 -9.8500866768308537e+00 -1.8027248728357242e-01 -1.5649527233028826e-01 -9.7108756560202292e-01 2.9674571036052033e-01 0 0 0 1</transform>
        <rotation_covariance>4.3457385701100737e-07 -3.5417679850248026e-08 -9.5574167149671016e-09 -3.5417679850247934e-08 8.2242116192303293e-07 -4.7109916817253773e-08 -9.5574167149671148e-09 -4.7109916817253766e-08 2.8585839056915921e-07</rotation_covariance>
        <location_covariance>4.0158595455286679e-05 -8.7036816897962906e-10 -1.7684944502364311e-06 -8.7036816897962906e-10 4.0288472772447409e-05 1.5961861272678382e-06 -1.7684944502364311e-06 1.5961861272678382e-06 6.0026764025302908e-05</location_covariance>
        <orientation>1</orientation>
        <reference x="170240.49244975959" y="2544379.0542443884" z="198.0660159562309" yaw="185.40000000000001" pitch="0" roll="-0" enabled="true" rotation_enabled="false"/>
      </camera>
      <camera id="32" sensor_id="0" component_id="0" label="DJI_0190">
        <transform>-9.5600148136056262e-01 2.6161447406592470e-01 1.3273671155945777e-01 -5.9575132829367270e+00 2.3307594627963729e-01 9.5211336643782696e-01 -1.9787809559494163e-01 -1.1077555474574112e+01 -1.7814817120099946e-01 -1.5823401786480379e-01 -9.7119782984111991e-01 3.8141369240904277e-01 0 0 0 1</transform>
