<?xml version="1.0" encoding="UTF-8"?>
<document version="1.5.0">
  <chunk label="z_vector" enabled="true">
    <sensors next_id="1">
      <sensor id="0" label="FC6310 (8.8mm)" type="frame">
        <resolution width="5472" height="3648"/>
        <property name="pixel_width" value="0.0024122807017543861"/>
        <property name="pixel_height" value="0.0024122807017543861"/>
        <property name="focal_length" value="8.8000000000000007"/>
        <property name="layer_index" value="0"/>
        <bands>
          <band label="Red"/>
          <band label="Green"/>
          <band label="Blue"/>
        </bands>
        <data_type>uint8</data_type>
        <calibration type="frame" class="adjusted">
          <resolution width="5472" height="3648"/>
          <f>3570.7015272398512</f>
          <cx>-32.071754173442407</cx>
          <cy>-52.514844728948596</cy>
          <b2>0.60521213534938623</b2>
          <k1>-0.022825436543310689</k1>
          <k2>0.0010042746892838369</k2>
          <p1>-0.0021070090284621185</p1>
          <p2>-0.0035319468597979705</p2>
        </calibration>
        <covariance>
          <params>f cx cy b2 k1 k2 p1 p2</params>
          <coeffs>6.0402944400605862e-01 -1.0022587065186714e-01 -1.0261507184422246e-01 -6.6214887639810139e-03 5.0921782914473306e-07 2.1136782461194021e-07 -5.3139337058091933e-07 -8.6396076121123728e-07 -1.0022587065186714e-01 2.0205799482903023e-02 1.7133905176210853e-02 9.9575954593474373e-04 -1.5784113920888602e-07 -1.7599683898839508e-08 2.9755978798317840e-07 1.3978741782340346e-07 -1.0261507184422246e-01 1.7133905176210853e-02 1.9911954461377220e-02 1.0355751512125550e-03 -5.6894230510738481e-09 1.6514220130078612e-10 7.4523870596383554e-08 2.7708763284592248e-07 -6.6214887639810139e-03 9.9575954593474373e-04 1.0355751512125550e-03 3.1311457808712753e-03 2.8588835149384575e-07 -4.1065249116850188e-08 -1.5958161019780742e-08 -1.4418507417266260e-08 5.0921782914473306e-07 -1.5784113920888602e-07 -5.6894230510738481e-09 2.8588835149384575e-07 2.9267468925664636e-09 -1.2969684797486146e-09 -1.7359531146365186e-10 -1.7286125103873838e-10 2.1136782461194021e-07 -1.7599683898839508e-08 1.6514220130078612e-10 -4.1065249116850188e-08 -1.2969684797486146e-09 1.5222823855702501e-09 1.1551054448832625e-11 1.2012312467137027e-11 -5.3139337058091933e-07 2.9755978798317840e-07 7.4523870596383554e-08 -1.5958161019780742e-08 -1.7359531146365186e-10 1.1551054448832625e-11 3.7842257656114795e-11 1.5470744508703843e-11 -8.6396076121123728e-07 1.3978741782340346e-07 2.7708763284592248e-07 -1.4418507417266260e-08 -1.7286125103873838e-10 1.2012312467137027e-11 1.5470744508703843e-11 3.1875047759856364e-11</coeffs>
        </covariance>
        <meta>
          <property name="Exif/BodySerialNumber" value="bd1fd5e42e5e29c01f18abf306ff667e"/>
          <property name="Exif/Make" value="DJI"/>
          <property name="Exif/Model" value="FC6310"/>
          <property name="Exif/Software" value="v01.04.1546"/>
        </meta>
      </sensor>
    </sensors>
    <components next_id="1" active_id="0">
      <component id="0" label="Component 1">
        <transform>
          <rotation locked="true">-7.6611670958668010e-01 3.4014623781892694e-01 -5.4531250140603671e-01 -6.1724720097574548e-01 -1.5298496178376284e-01 7.7175222342124017e-01 1.7908400313731529e-01 9.2784488917364327e-01 3.2715864875418366e-01</rotation>
          <translation locked="true">-2.9568708472155165e+06 5.0757932332231477e+06 2.4769088840208361e+06</translation>
          <scale locked="true">2.2092668032730128e+01</scale>
        </transform>
        <region>
          <center>-9.8558882678739472e+00 -1.4188737723685138e+01 -6.3403715690805189e+00</center>
          <size>2.0318014690130475e+01 1.0935760065183409e+01 3.8509299876352103e+00</size>
          <R>-2.2651924466432513e-01 -9.7167551688264042e-01 6.7347766759985078e-02 9.6988975163210200e-01 -2.1867121406278994e-01 1.0722299109484465e-01 -8.9458937371961506e-02 8.9607979729273673e-02 9.9195136397563255e-01</R>
        </region>
        <partition>
          <partition>
            <camera_ids>0 1 2 3 4 5 6 7 8 9 10 11 12 13 14 15 16 17 18 19 20 21 24 25 26 27 28 29 30 31 32 33 34 35 36 37 38 39 40 41 42 43 51 52 53 54 55 56 57 58 59 60 61 62 63 64 67 68 69 70 71 72 73 74 75 76 77 78 79 80 81 95 96 97 98 99 100 101 102 103 104 105 106 107 108 113 114 115 116 117 118 119 120 121 122 123 124 125 126</camera_ids>
          </partition>
          <partition>
            <camera_ids>44 45 46 47 48 49 50 82 83 84 85 86 87 88 89 90 91 92 93 94 127 128 129 130 131 132 133 134 135 136 137 138 139 140 141 142 143 144 145 146 147 148 149 150 151 152 153 159 160 161 162 163 164 165 166 167 168 169 170 171 172 173 174 175 176 177 178</camera_ids>
          </partition>
        </partition>
      </component>
    </components>
    <cameras next_id="202" next_group_id="0">
      <camera id="0" sensor_id="0" component_id="0" label="DJI_0158">
        <transform>9.8802402983157678e-01 -1.2482322678287437e-01 9.0706551752788800e-02 -8.0634428187936784e+00 -1.2045991071637062e-01 -9.9134986292987082e-01 -5.2104310561897460e-02 -2.5998963649978592e+01 9.6425755820601422e-02 4.0553807767431338e-02 -9.9451368129854689e-01 1.6127849482754573e+00 0 0 0 1</transform>
        <rotation_covariance>3.6001026275284299e-08 -6.4429752420726060e-09 1.2575623262451329e-09 -6.4429752420726060e-09 1.4879997167885906e-08 8.0429984866582701e-10 1.2575623262451323e-09 8.0429984866582690e-10 1.4859120713028854e-09</rotation_covariance>
        <location_covariance>1.0733760451549098e-06 -2.3608193161675211e-07 -7.6514797668075430e-07 -2.3608193161675211e-07 2.5230684625830299e-06 9.0930742189194025e-07 -7.6514797668075430e-07 9.0930742189194025e-07 3.1340727063193772e-06</location_covariance>
        <orientation>1</orientation>
        <reference x="170264.66830670324" y="2544016.7036028518" z="198.16601595268756" yaw="5.5999999999999996" pitch="0" roll="-0" enabled="true" rotation_enabled="false"/>
      </camera>
      <camera id="1" sensor_id="0" component_id="0" label="DJI_0159">
        <transform>9.9383493604452511e-01 -8.9392998619746797e-02 6.5582098892489629e-02 -7.6632914121225202e+00 -8.6846467233485172e-02 -9.9538959050836007e-01 -4.0709387574148402e-02 -2.4811645634975470e+01 6.8918872788500618e-02 3.4762837993595676e-02 -9.9701641614779524e-01 1.5270635008522782e+00 0 0 0 1</transform>
        <rotation_covariance>2.5633419405155734e-08 -6.3792676349934139e-09 5.2078461502673791e-10 -6.3792676349934131e-09 1.1851658261873384e-08 1.4490451794995800e-10 5.2078461502673842e-10 1.4490451794995795e-10 1.0405400070074641e-09</rotation_covariance>
        <location_covariance>7.9739052984075107e-07 -3.1559856637325151e-07 -6.8099884350148412e-07 -3.1559856637325151e-07 1.7687132747594660e-06 5.7628536388176516e-07 -6.8099884350148412e-07 5.7628536388176516e-07 3.1211653475364074e-06</location_covariance>
        <orientation>1</orientation>
        <reference x="170267.46872542141" y="2544044.2637901544" z="198.26601595430904" yaw="4.2000000000000002" pitch="0" roll="-0" enabled="true" rotation_enabled="false"/>
      </camera>
      <camera id="2" sensor_id="0" component_id="0" label="DJI_0160">
        <transform>9.9643420702283025e-01 -7.1224455548092688e-02 4.5232156776581531e-02 -7.2593859692087594e+00 -7.0067235916008483e-02 -9.9718553035946789e-01 -2.6675840995145306e-02 -2.3585816527504250e+01 4.7004824495724726e-02 2.3411428268810430e-02 -9.9862027392825370e-01 1.4406677692378522e+00 0 0 0 1</transform>
        <rotation_covariance>1.8466802832426770e-08 -6.7802632782782186e-09 2.8639493408001623e-10 -6.7802632782782186e-09 1.0575502215998904e-08 -1.8381244971027618e-10 2.8639493408001638e-10 -1.8381244971027610e-10 9.0911642312853804e-10</rotation_covariance>
        <location_covariance>6.7297073176360769e-07 -3.6713966867096503e-07 -5.6763561670665852e-07 -3.6713966867096503e-07 1.2669635377127527e-06 3.6501309619740814e-07 -5.6763561670665852e-07 3.6501309619740814e-07 3.1752068883555197e-06</location_covariance>
        <orientation>1</orientation>
        <reference x="170270.35802677175" y="2544073.5492542814" z="198.26601595227535" yaw="4" pitch="0" roll="-0" enabled="true" rotation_enabled="false"/>
      </camera>
      <camera id="3" sensor_id="0" component_id="0" label="DJI_0161">
        <transform>9.9797726480409876e-01 -5.8054399504236472e-02 2.5904934517052572e-02 -6.8599007695898200e+00 -5.7437520267258145e-02 -9.9806168485660718e-01 -2.3954216470999944e-02 -2.2355492094294242e+01 2.7245370243007948e-02 2.2417848232908051e-02 -9.9937737110709490e-01 1.3566605671585983e+00 0 0 0 1</transform>
        <rotation_covariance>1.3989315494068819e-08 -6.8544132063093440e-09 2.3759641340822108e-10 -6.8544132063093440e-09 9.8843137233486254e-09 -1.8379122766134094e-10 2.3759641340822103e-10 -1.8379122766134091e-10 8.5165119430185863e-10</rotation_covariance>
        <location_covariance>6.0687547571592934e-07 -3.8290179485193983e-07 -4.4299857214967955e-07 -3.8290179485193983e-07 9.6447990619320990e-07 2.7968879887562218e-07 -4.4299857214967955e-07 2.7968879887562218e-07 3.2204427207208277e-06</location_covariance>
        <orientation>1</orientation>
        <reference x="170273.11090098281" y="2544102.8877384188" z="198.26601595208808" yaw="3.8000000000000007" pitch="0" roll="-0" enabled="true" rotation_enabled="false"/>
      </camera>
      <camera id="4" sensor_id="0" component_id="0" label="DJI_0162">
        <transform>9.9839200653829852e-01 -5.5798117899915234e-02 9.9985658600116739e-03 -6.4775129799509390e+00 -5.5601418377848835e-02 -9.9827271599369227e-01 -1.8975425606532634e-02 -2.1163010135121041e+01 1.1040088532310038e-02 1.8388978802663380e-02 -9.9976995449142902e-01 1.2804272547973556e+00 0 0 0 1</transform>
        <rotation_covariance>1.0945744942800781e-08 -6.3157185312271457e-09 2.4333572073592819e-10 -6.3157185312271448e-09 9.8478094325426588e-09 -1.2138650963618740e-10 2.4333572073592808e-10 -1.2138650963618738e-10 8.0976415177694069e-10</rotation_covariance>
        <location_covariance>5.9614234245280419e-07 -3.5418519414715070e-07 -3.5394982868363783e-07 -3.5418519414715070e-07 7.6297233497658437e-07 2.1378213904317372e-07 -3.5394982868363783e-07 2.1378213904317372e-07 3.2828259674869254e-06</location_covariance>
        <orientation>1</orientation>
        <reference x="170275.71808092637" y="2544131.605604222" z="198.06601595392439" yaw="3.8000000000000007" pitch="0" roll="-0" enabled="true" rotation_enabled="false"/>
      </camera>
      <camera id="5" sensor_id="0" component_id="0" label="DJI_0163">
        <transform>9.9813294278618603e-01 -6.0995452892488387e-02 -3.1911207166713130e-03 -6.0872059381966936e+00 -6.1054667630180776e-02 -9.9784543835047312e-01 -2.4016842501042940e-02 -1.9890084951386712e+01 -1.7193270649574854e-03 2.4166834496722484e-02 -9.9970646092983306e-01 1.2036101616421928e+00 0 0 0 1</transform>
        <rotation_covariance>7.8107558110934974e-09 -5.4777204871496736e-09 1.5909270969858721e-10 -5.4777204871496736e-09 1.0166079548739216e-08 -7.2315472607572521e-11 1.5909270969858721e-10 -7.2315472607572495e-11 7.3225029288479846e-10</rotation_covariance>
        <location_covariance>5.9724641071198782e-07 -3.1694080371545409e-07 -2.6076308817979692e-07 -3.1694080371545409e-07 5.6071487874894003e-07 2.2059692975913894e-07 -2.6076308817979692e-07 2.2059692975913894e-07 3.3471054706790975e-06</location_covariance>
        <orientation>1</orientation>
        <reference x="170278.01411442587" y="2544160.7250268501" z="197.96601595551968" yaw="4.2999999999999998" pitch="0" roll="-0" enabled="true" rotation_enabled="false"/>
      </camera>
      <camera id="6" sensor_id="0" component_id="0" label="DJI_0164">
        <transform>9.9823247247661451e-01 -5.8567146422332537e-02 -1.0090602220418968e-02 -5.6882764954611771e+00 -5.8869122964962307e-02 -9.9772633817667544e-01 -3.2811285709298706e-02 -1.8595423442500262e+01 -8.1459962289345701e-03 3.3347315761634216e-02 -9.9941062595758501e-01 1.1271001836645707e+00 0 0 0 1</transform>
        <rotation_covariance>6.1059644105408904e-09 -4.7674859907819555e-09 1.9725901673332999e-10 -4.7674859907819547e-09 1.1044776716736940e-08 -1.0524860083990078e-10 1.9725901673333007e-10 -1.0524860083990074e-10 7.4959200769247417e-10</rotation_covariance>
        <location_covariance>6.4945658914052304e-07 -2.8328948937536423e-07 -2.0514868799406416e-07 -2.8328948937536423e-07 4.4769591315677851e-07 2.6597214522054387e-07 -2.0514868799406416e-07 2.6597214522054387e-07 3.4081052007797026e-06</location_covariance>
        <orientation>1</orientation>
        <reference x="170280.45551672729" y="2544190.4066239516" z="197.96601595449675" yaw="4.7999999999999998" pitch="0.099999999999993788" roll="-0" enabled="true" rotation_enabled="false"/>
      </camera>
      <camera id="7" sensor_id="0" component_id="0" label="DJI_0165">
        <transform>9.9763461299305045e-01 -6.7069640301883948e-02 -1.5061285070724826e-02 -5.2771843890356562e+00 -6.7581143272552116e-02 -9.9704578853661086e-01 -3.6503214041838872e-02 -1.7308953368983065e+01 -1.2568533414066685e-02 3.7434728677866014e-02 -9.9922003235355250e-01 1.0610235459736872e+00 0 0 0 1</transform>
        <rotation_covariance>4.3524794829949952e-09 -3.7046816816376089e-09 2.3496012236457695e-10 -3.7046816816376089e-09 1.1506315426980412e-08 -2.1560419183340355e-10 2.3496012236457695e-10 -2.1560419183340360e-10 7.1796172952199882e-10</rotation_covariance>
        <location_covariance>6.7906124939088212e-07 -2.2589210713815710e-07 -1.5213300340651439e-07 -2.2589210713815710e-07 3.5663278514539022e-07 3.3643697008039606e-07 -1.5213300340651439e-07 3.3643697008039606e-07 3.4502213752351077e-06</location_covariance>
        <orientation>1</orientation>
        <reference x="170283.09811042302" y="2544219.8995071556" z="197.96601595557129" yaw="5.2999999999999998" pitch="0" roll="-0" enabled="true" rotation_enabled="false"/>
      </camera>
      <camera id="8" sensor_id="0" component_id="0" label="DJI_0166">
        <transform>9.9855342583161200e-01 -4.9813055494106334e-02 -2.0241424413626780e-02 -4.8918004873740077e+00 -5.0590815842102579e-02 -9.9792113540718652e-01 -3.9924639761218128e-02 -1.6109407012347134e+01 -1.8210576937097409e-02 4.0890915983549159e-02 -9.9899765158765230e-01 9.9355849759432724e-01 0 0 0 1</transform>
        <rotation_covariance>3.8609612435294531e-09 -2.7157138072170192e-09 3.1963662922456913e-10 -2.7157138072170188e-09 1.1574484608666117e-08 -2.3279327323659382e-10 3.1963662922456918e-10 -2.3279327323659387e-10 7.4450638453399216e-10</rotation_covariance>
        <location_covariance>7.0177828449285342e-07 -1.5643271268361967e-07 -1.0933187440306532e-07 -1.5643271268361967e-07 3.4630144787357619e-07 4.1003277422196650e-07 -1.0933187440306532e-07 4.1003277422196650e-07 3.4631751765895916e-06</location_covariance>
        <orientation>1</orientation>
        <reference x="170284.85534528422" y="2544239.2517830748" z="198.06601595453935" yaw="4.4000000000000004" pitch="0" roll="-0" enabled="true" rotation_enabled="false"/>
      </camera>
      <camera id="9" sensor_id="0" component_id="0" label="DJI_0167">
        <transform>9.9910213269171400e-01 -3.0485996824949121e-02 -2.9419932842512840e-02 -4.4858765161424019e+00 -3.1586411509309770e-02 -9.9879001521038724e-01 -3.7693555470402651e-02 -1.4833810490859964e+01 -2.8235209558870211e-02 3.8588981764552832e-02 -9.9885617754887113e-01 9.0823029483139461e-01 0 0 0 1</transform>
        <rotation_covariance>3.5414088029843544e-09 -2.0794915384628847e-09 2.4106269685396286e-10 -2.0794915384628847e-09 1.1798180324581481e-08 -2.7944257848201308e-10 2.4106269685396286e-10 -2.7944257848201318e-10 7.0245583055624557e-10</rotation_covariance>
        <location_covariance>7.2387802698882296e-07 -1.0927400900233381e-07 -8.0839521663475307e-08 -1.0927400900233381e-07 3.2267714794606423e-07 4.4109778275354110e-07 -8.0839521663475307e-08 4.4109778275354110e-07 3.4683865049209496e-06</location_covariance>
        <orientation>1</orientation>
        <reference x="170288.10018402545" y="2544275.9828464948" z="198.16601595638934" yaw="3.6000000000000001" pitch="0.099999999999993788" roll="-0" enabled="true" rotation_enabled="false"/>
      </camera>
      <camera id="10" sensor_id="0" component_id="0" label="DJI_0168">
        <transform>9.9907073045233807e-01 -1.9688665138679909e-02 -3.8340996576620073e-02 -4.1050682156480285e+00 -2.0940603061531060e-02 -9.9925137744516224e-01 -3.2529614466890691e-02 -1.3602726319246020e+01 -3.7671828955478916e-02 3.3302269277064311e-02 -9.9873509609112399e-01 8.1817347546263397e-01 0 0 0 1</transform>
        <rotation_covariance>3.0996260307547319e-09 -1.2748079550686059e-09 1.3618542037849070e-10 -1.2748079550686061e-09 1.2066012159661182e-08 -4.8459378132326829e-10 1.3618542037849072e-10 -4.8459378132326829e-10 6.5676546867604550e-10</rotation_covariance>
        <location_covariance>7.4236071333207787e-07 -5.7442256490882640e-08 -5.8536128005131772e-08 -5.7442256490882640e-08 2.9496503526728394e-07 4.6567539076076595e-07 -5.8536128005131772e-08 4.6567539076076595e-07 3.4710752251305650e-06</location_covariance>
        <orientation>1</orientation>
        <reference x="170290.23446233806" y="2544302.5314297318" z="198.16601595611348" yaw="3.2000000000000002" pitch="0" roll="-0" enabled="true" rotation_enabled="false"/>
      </camera>
      <camera id="11" sensor_id="0" component_id="0" label="DJI_0169">
        <transform>9.9884411048862143e-01 -1.8693161298905678e-02 -4.4283277462807052e-02 -3.7314106367164963e+00 -1.9672602027487020e-02 -9.9956908611455197e-01 -2.1786023354146422e-02 -1.2387051196268084e+01 -4.3856945535034400e-02 2.2632008412255156e-02 -9.9878143781488271e-01 7.2891356862774537e-01 0 0 0 1</transform>
        <rotation_covariance>3.2997046921346116e-09 1.9356687236017100e-10 1.7327243210894400e-11 1.9356687236017100e-10 1.2575139384494481e-08 -7.4835747675490307e-10 1.7327243210894380e-11 -7.4835747675490307e-10 6.7187341409857764e-10</rotation_covariance>
        <location_covariance>7.8596875116398284e-07 3.4400241447820937e-08 -5.7350856485218088e-08 3.4400241447820937e-08 3.1735489562563647e-07 4.8478858947464889e-07 -5.7350856485218088e-08 4.8478858947464889e-07 3.4625531150893018e-06</location_covariance>
        <orientation>1</orientation>
        <reference x="170292.33398094826" y="2544329.5077897809" z="198.26601595760633" yaw="3.5000000000000004" pitch="0" roll="-0" enabled="true" rotation_enabled="false"/>
      </camera>
      <camera id="12" sensor_id="0" component_id="0" label="DJI_0170">
        <transform>9.9865326385178510e-01 -1.6378999259902518e-02 -4.9227908562325416e-02 -3.3492225860259204e+00 -1.7066112840585037e-02 -9.9976227290182895e-01 -1.3570021174672042e-02 -1.1152532096441071e+01 -4.8993942387697068e-02 1.4391874979055072e-02 -9.9869538275887593e-01 6.4038136686490454e-01 0 0 0 1</transform>
        <rotation_covariance>4.0450506392605979e-09 1.0596091759470115e-09 -1.4224123093880529e-10 1.0596091759470115e-09 1.3731030452660121e-08 -1.0492872114056201e-09 -1.4224123093880529e-10 -1.0492872114056199e-09 7.2389972043461997e-10</rotation_covariance>
        <location_covariance>8.6827879740927115e-07 9.0600008126059698e-08 -5.6501518117964754e-08 9.0600008126059698e-08 3.8134173030816390e-07 4.9225826694188936e-07 -5.6501518117964754e-08 4.9225826694188936e-07 3.4154965834279288e-06</location_covariance>
        <orientation>1</orientation>
        <reference x="170294.63082865509" y="2544357.1783253737" z="198.16601595618789" yaw="3.6000000000000001" pitch="0.099999999999993788" roll="-0" enabled="true" rotation_enabled="false"/>
      </camera>
      <camera id="13" sensor_id="0" component_id="0" label="DJI_0171">
        <transform>9.9850176916465805e-01 -1.6516045212162475e-02 -5.2167396193390253e-02 -2.9399799531124255e+00 -1.7174897729379735e-02 -9.9977798606767820e-01 -1.2206615519559177e-02 -9.8387103477490303e+00 -5.1954209290813874e-02 1.3084296886221619e-02 -9.9856374924786817e-01 5.6186934766908747e-01 0 0 0 1</transform>
        <rotation_covariance>5.3753669114258587e-09 2.7866979389924107e-09 -3.7016718337855027e-10 2.7866979389924111e-09 1.4876409194610169e-08 -1.2895999148329870e-09 -3.7016718337855032e-10 -1.2895999148329870e-09 7.9153502828891262e-10</rotation_covariance>
        <location_covariance>9.5737133128190782e-07 2.0379973393673945e-07 -8.7363174330375495e-08 2.0379973393673945e-07 4.8729506832945323e-07 4.7957101857201875e-07 -8.7363174330375495e-08 4.7957101857201875e-07 3.3667771583779987e-06</location_covariance>
        <orientation>1</orientation>
        <reference x="170296.9645571427" y="2544385.8976502288" z="198.06601595523159" yaw="4" pitch="0" roll="-0" enabled="true" rotation_enabled="false"/>
      </camera>
      <camera id="14" sensor_id="0" component_id="0" label="DJI_0172">
        <transform>9.9851803425878360e-01 -1.6189350158196839e-02 -5.1958061948361146e-02 -2.5616112303679572e+00 -1.6603986914285052e-02 -9.9983357456858701e-01 -7.5584908514936822e-03 -8.6277446248256151e+00 -5.1827047750423634e-02 8.4100004076784196e-03 -9.9862066322233611e-01 4.8906985903816985e-01 0 0 0 1</transform>
        <rotation_covariance>8.0858668021135318e-09 4.2147071922266944e-09 -6.2941174514590579e-10 4.2147071922266944e-09 1.5714163460829658e-08 -1.5267552952894982e-09 -6.2941174514590579e-10 -1.5267552952894986e-09 8.8955264014467086e-10</rotation_covariance>
        <location_covariance>1.0261070079210390e-06 2.9173020671173202e-07 -1.6468663449752367e-07 2.9173020671173202e-07 6.6202644151577939e-07 4.0926549734078527e-07 -1.6468663449752367e-07 4.0926549734078527e-07 3.3419536881874857e-06</location_covariance>
        <orientation>1</orientation>
        <reference x="170299.42612472616" y="2544415.096185348" z="198.06601595786205" yaw="4" pitch="0" roll="-0" enabled="true" rotation_enabled="false"/>
      </camera>
      <camera id="15" sensor_id="0" component_id="0" label="DJI_0173">
        <transform>9.9848687449484230e-01 -8.1752317556127527e-03 -5.4379472664449265e-02 -2.1954096007560868e+00 -8.5723571677608981e-03 -9.9993823744657728e-01 -7.0736118652691832e-03 -7.4595042487016414e+00 -5.4318285633015911e-02 7.5290688650164056e-03 -9.9849528640245266e-01 4.0821950808754975e-01 0 0 0 1</transform>
        <rotation_covariance>1.0555379639831922e-08 5.2730469290497315e-09 -9.3983071842128232e-10 5.2730469290497298e-09 1.6864686578941400e-08 -1.8132257976098149e-09 -9.3983071842128253e-10 -1.8132257976098147e-09 9.9441285163828700e-10</rotation_covariance>
        <location_covariance>1.1097513260264861e-06 3.5949195755206379e-07 -2.5905092818637939e-07 3.5949195755206379e-07 8.1579731345289166e-07 3.1150984324218056e-07 -2.5905092818637939e-07 3.1150984324218056e-07 3.3510338398975913e-06</location_covariance>
        <orientation>1</orientation>
        <reference x="170301.84564726945" y="2544443.8858099375" z="198.16601595749529" yaw="3.9000000000000008" pitch="0.099999999999993788" roll="-0" enabled="true" rotation_enabled="false"/>
      </camera>
      <camera id="16" sensor_id="0" component_id="0" label="DJI_0174">
        <transform>9.9829242904483917e-01 -2.5923702110818795e-02 -5.2346802964694482e-02 -1.8070733450441363e+00 -2.6239692256839583e-02 -9.9964132003305928e-01 -5.3581557302725957e-03 -6.2107373085489384e+00 -5.2189123982122658e-02 6.7225702995978853e-03 -9.9861459151493781e-01 3.3079641122566111e-01 0 0 0 1</transform>
        <rotation_covariance>1.3045275143702597e-08 7.0342256916910182e-09 -1.3416515143369267e-09 7.0342256916910182e-09 1.7523284099177386e-08 -2.1310157403596867e-09 -1.3416515143369267e-09 -2.1310157403596871e-09 1.1264395731993049e-09</rotation_covariance>
        <location_covariance>1.1935388936310472e-06 4.5980606870386618e-07 -4.0363873723637286e-07 4.5980606870386618e-07 9.5066489094488576e-07 1.8543848779717464e-07 -4.0363873723637286e-07 1.8543848779717464e-07 3.4270010682315492e-06</location_covariance>
        <orientation>1</orientation>
        <reference x="170304.24730968516" y="2544472.5309488797" z="198.16601595830159" yaw="4.4000000000000004" pitch="0" roll="-0" enabled="true" rotation_enabled="false"/>
      </camera>
      <camera id="17" sensor_id="0" component_id="0" label="DJI_0175">
        <transform>9.9860962439656165e-01 -1.1872235021899605e-02 -5.1360180082848747e-02 -1.4096929979258408e+00 -1.2120094604360553e-02 -9.9991634586550648e-01 -4.5171426537584658e-03 -4.9413349349723941e+00 -5.1302255012223602e-02 5.1333523703164796e-03 -9.9866997918436640e-01 2.4686804149993227e-01 0 0 0 1</transform>
        <rotation_covariance>1.8680260924907832e-08 9.3187694153648649e-09 -1.6913849498695740e-09 9.3187694153648616e-09 1.9728687300888920e-08 -2.6899894795593728e-09 -1.6913849498695736e-09 -2.6899894795593728e-09 1.4710520861735115e-09</rotation_covariance>
        <location_covariance>1.3596030983914483e-06 5.9602156965416268e-07 -6.1490256810382139e-07 5.9602156965416268e-07 1.3048026763419616e-06 -4.6103986787973121e-08 -6.1490256810382139e-07 -4.6103986787973121e-08 3.5959441272479734e-06</location_covariance>
        <orientation>1</orientation>
        <reference x="170306.69038302216" y="2544501.4681082247" z="198.16601595790021" yaw="3.6999999999999997" pitch="0" roll="-0" enabled="true" rotation_enabled="false"/>
      </camera>
      <camera id="18" sensor_id="0" component_id="0" label="DJI_0176">
        <transform>9.9821637254184514e-01 -3.5932430890607679e-02 -4.7675297583676002e-02 -1.0344105205702834e+00 -3.5640585417889267e-02 -9.9934045125174997e-01 6.9578130917119230e-03 -3.7237359998916428e+00 -4.7893864538899940e-02 -5.2462274293788996e-03 -9.9883865305528152e-01 1.7137751353140485e-01 0 0 0 1</transform>
        <rotation_covariance>2.9917409223066964e-08 1.2780429865481734e-08 -1.7482574015394631e-09 1.2780429865481736e-08 2.4580576638513864e-08 -4.0537506639956662e-09 -1.7482574015394633e-09 -4.0537506639956662e-09 2.4242109193420608e-09</rotation_covariance>
        <location_covariance>1.7722286484857123e-06 7.7833043861091363e-07 -9.4600369161211373e-07 7.7833043861091363e-07 1.9416932260604525e-06 -4.2590779974172255e-07 -9.4600369161211373e-07 -4.2590779974172255e-07 3.9280647297675507e-06</location_covariance>
        <orientation>1</orientation>
        <reference x="170309.08380431091" y="2544530.7100755791" z="198.16601595932934" yaw="4.7999999999999998" pitch="0.099999999999993788" roll="-0" enabled="true" rotation_enabled="false"/>
      </camera>
      <camera id="19" sensor_id="0" component_id="0" label="DJI_0177">
        <transform>9.9893046272547648e-01 -1.4368775570677211e-02 -4.3948480379478065e-02 -6.4879860955690050e-01 -1.4149963083962842e-02 -9.9988591241561520e-01 5.2858960938917954e-03 -2.4811344491038545e+00 -4.4019418258177234e-02 -4.6583732560245283e-03 -9.9901981480590218e-01 9.8040801066026834e-02 0 0 0 1</transform>
        <rotation_covariance>6.0446986379437674e-08 1.9664192523176774e-08 -1.6601861743513397e-09 1.9664192523176770e-08 4.0400003247648156e-08 -8.5247334145582874e-09 -1.6601861743513401e-09 -8.5247334145582858e-09 5.6387021431174473e-09</rotation_covariance>
        <location_covariance>2.9193204824086986e-06 1.0146753447038123e-06 -1.7026360604576624e-06 1.0146753447038123e-06 3.7726559264378079e-06 -1.4081768117643542e-06 -1.7026360604576624e-06 -1.4081768117643542e-06 4.8869323019861233e-06</location_covariance>
        <orientation>1</orientation>
        <reference x="170311.5254181223" y="2544559.9117978965" z="198.06601595796809" yaw="3.6000000000000001" pitch="0.099999999999993788" roll="-0" enabled="true" rotation_enabled="false"/>
      </camera>
      <camera id="20" sensor_id="0" component_id="0" label="DJI_0178">
        <transform>9.9906987386545465e-01 -1.5968543647415276e-02 -4.0054871716752989e-02 -2.6354490386476981e-01 -1.5826918430092304e-02 -9.9986733269131856e-01 3.8504116344569459e-03 -1.2631449032483948e+00 -4.0111043210968117e-02 -3.2128850785781188e-03 -9.9919006279185907e-01 1.9636717182653311e-02 0 0 0 1</transform>
        <rotation_covariance>3.1719222695867361e-07 -1.4350064516126751e-08 7.9162391777086601e-10 -1.4350064516126748e-08 1.9185222662150681e-07 -6.6283796397958685e-08 7.9162391777086260e-10 -6.6283796397958685e-08 4.1168657879143837e-08</rotation_covariance>
        <location_covariance>1.4594916544415155e-05 -3.3820452607873271e-06 -6.4291363322017667e-06 -3.3820452607873271e-06 2.0593485741514927e-05 -6.5493692405580538e-06 -6.4291363322017667e-06 -6.5493692405580538e-06 1.0806883174271106e-05</location_covariance>
        <orientation>1</orientation>
        <reference x="170314.03833204909" y="2544589.1346766595" z="198.06601595834414" yaw="3.8999999999999999" pitch="0" roll="-0" enabled="true" rotation_enabled="false"/>
      </camera>
      <camera id="21" sensor_id="0" component_id="0" label="DJI_0179">
        <transform>9.9912383709989694e-01 -1.6750232336290704e-02 -3.8353459497925076e-02 1.2592214926056064e-01 -1.5441546448459660e-02 -9.9929682746214843e-01 3.4167371385070699e-02 -2.5920985849019318e-01 -3.8898801807494783e-02 -3.3545198475573024e-02 -9.9867993014637868e-01 5.0032426197094367e-02 0 0 0 1</transform>
        <rotation_covariance>3.4413089269346849e-05 -5.2155491376876901e-06 -1.9938566649243400e-06 -5.2155491376876901e-06 1.5689273089431814e-05 -6.1890550621288985e-06 -1.9938566649243404e-06 -6.1890550621288994e-06 4.1512667798466605e-06</rotation_covariance>
        <location_covariance>1.2179378518684383e-03 -5.4173303744323024e-04 -5.6061642021762643e-04 -5.4173303744323024e-04 2.3230477652014751e-03 -6.7871145448560890e-04 -5.6061642021762643e-04 -6.7871145448560890e-04 7.4031651671219731e-04</location_covariance>
        <orientation>1</orientation>
        <reference x="170315.74349374051" y="2544608.3457324193" z="198.16601595841115" yaw="4.0999999999999996" pitch="0.099999999999993788" roll="-0" enabled="true" rotation_enabled="false"/>
      </camera>
      <camera id="24" sensor_id="0" component_id="0" label="DJI_0182">
        <transform>-9.9221726740716387e-01 9.4256518791132116e-02 8.1367087476675759e-02 -2.4497947445796400e+00 8.2666623522856211e-02 9.8730355498280387e-01 -1.3563893126107907e-01 7.8037208336229055e-02 -9.3118868197537716e-02 -1.2785694734231026e-01 -9.8741150357989815e-01 -2.9025382469792682e-01 0 0 0 1</transform>
        <rotation_covariance>7.3672817833983251e-06 -5.2484919440391251e-07 7.5927841581569996e-07 -5.2484919440391262e-07 1.6651893357498288e-06 5.3098494549064362e-07 7.5927841581569985e-07 5.3098494549064362e-07 4.2847974631920772e-07</rotation_covariance>
        <location_covariance>1.5114955151434168e-04 2.8672621428796811e-05 -2.5868704886994606e-05 2.8672621428796811e-05 4.1088270675105395e-04 -2.5669397427705818e-04 -2.5868704886994606e-05 -2.5669397427705818e-04 1.7071013402896707e-04</location_covariance>
        <orientation>1</orientation>
        <reference x="170260.31705011197" y="2544607.8829276883" z="198.26601595899567" yaw="185.5" pitch="0" roll="-0" enabled="true" rotation_enabled="false"/>
      </camera>
      <camera id="25" sensor_id="0" component_id="0" label="DJI_0183">
        <transform>-9.8204535633529777e-01 1.4811569815731293e-01 1.1682747133979453e-01 -3.2351975754668145e+00 1.3071302869488599e-01 9.8080229576874667e-01 -1.4470991930122448e-01 -2.3844077694802501e+00 -1.3601846282651717e-01 -1.2684083165183385e-01 -9.8255299154609577e-01 -1.2999044116734471e-01 0 0 0 1</transform>
        <rotation_covariance>3.3608138236889727e-08 9.6153918326101642e-09 -3.3280307345583623e-09 9.6153918326101642e-09 1.3091895664644744e-08 -3.7667020918532140e-10 -3.3280307345583631e-09 -3.7667020918532145e-10 2.0971535176675962e-09</rotation_covariance>
        <location_covariance>1.2620508480195563e-06 7.6364368142511486e-07 -7.0951497121606311e-07 7.6364368142511486e-07 1.7772959839409258e-06 -5.3309413207361481e-07 -7.0951497121606311e-07 -5.3309413207361481e-07 3.5445403266067077e-06</location_covariance>
        <orientation>1</orientation>
        <reference x="170255.76606724871" y="2544558.4633085071" z="198.16601595948515" yaw="185.40000000000001" pitch="0" roll="-0" enabled="true" rotation_enabled="false"/>
      </camera>
      <camera id="26" sensor_id="0" component_id="0" label="DJI_0184">
        <transform>-9.7711263424558314e-01 1.6970842196247266e-01 1.2825736436035604e-01 -3.6171960399621250e+00 1.4959043384021381e-01 9.7685110406587172e-01 -1.5292031450655408e-01 -3.6038402638644564e+00 -1.5124021324090500e-01 -1.3023429655929475e-01 -9.7988031202721415e-01 -5.7180833995225791e-02 0 0 0 1</transform>
        <rotation_covariance>2.6418924876823515e-08 7.5686076594592335e-09 -2.9137181604759219e-09 7.5686076594592318e-09 1.0935686893206763e-08 -9.5893369715687111e-10 -2.9137181604759223e-09 -9.5893369715687131e-10 1.4390812980935319e-09</rotation_covariance>
        <location_covariance>1.0330471041919303e-06 6.1307735958843584e-07 -5.4711392206126009e-07 6.1307735958843584e-07 1.3878453841284811e-06 -1.8950599123540107e-07 -5.4711392206126009e-07 -1.8950599123540107e-07 3.2980741439135163e-06</location_covariance>
        <orientation>1</orientation>
        <reference x="170253.25810426293" y="2544529.6587733123" z="198.06601595779537" yaw="185.30000000000001" pitch="0" roll="-0" enabled="true" rotation_enabled="false"/>
      </camera>
      <camera id="27" sensor_id="0" component_id="0" label="DJI_0185">
        <transform>-9.6959479718672292e-01 2.0391571511848872e-01 1.3529342332926911e-01 -4.0141888278732676e+00 1.8122755242805239e-01 9.6984361891073712e-01 -1.6297217277517501e-01 -4.8687920374187739e+00 -1.6444605045234448e-01 -1.3349807483944962e-01 -9.7731047293313378e-01 1.7274605827823194e-02 0 0 0 1</transform>
        <rotation_covariance>2.0847359985387203e-08 5.7851497292614976e-09 -2.4601837383384086e-09 5.7851497292614967e-09 9.7805989740855361e-09 -1.0309941495737833e-09 -2.4601837383384086e-09 -1.0309941495737835e-09 1.1241836906938071e-09</rotation_covariance>
        <location_covariance>9.1048670668475516e-07 4.6941172498145186e-07 -4.3377612760341451e-07 4.6941172498145186e-07 1.0945724862046669e-06 7.0490861555204651e-08 -4.3377612760341451e-07 7.0490861555204651e-08 3.1768114295954575e-06</location_covariance>
        <orientation>1</orientation>
        <reference x="170250.83980120925" y="2544501.1152404477" z="198.16601595760179" yaw="185.69999999999999" pitch="0.099999999999993788" roll="-0" enabled="true" rotation_enabled="false"/>
      </camera>
      <camera id="28" sensor_id="0" component_id="0" label="DJI_0186">
        <transform>-9.6626113430738048e-01 2.1746406287632253e-01 1.3801739631052617e-01 -4.3953595387851649e+00 1.9258285714406434e-01 9.6582074293634157e-01 -1.7349967045537379e-01 -6.0864052479151844e+00 -1.7103000748770048e-01 -1.4106620385910054e-01 -9.7511489716214461e-01 8.8995163980822994e-02 0 0 0 1</transform>
        <rotation_covariance>1.5799773275394707e-08 4.5544379805364679e-09 -1.9382885639929776e-09 4.5544379805364679e-09 8.9587615497596663e-09 -1.0804269966269403e-09 -1.9382885639929776e-09 -1.0804269966269407e-09 9.5030782849726248e-10</rotation_covariance>
        <location_covariance>8.0338574317235602e-07 3.4684013211345832e-07 -3.4675293985760982e-07 3.4684013211345832e-07 8.4825435189553871e-07 2.4813860896037975e-07 -3.4675293985760982e-07 2.4813860896037975e-07 3.1407379178151842e-06</location_covariance>
        <orientation>1</orientation>
        <reference x="170248.36546634391" y="2544472.747349252" z="198.16601595861511" yaw="185.40000000000001" pitch="0" roll="-0" enabled="true" rotation_enabled="false"/>
      </camera>
      <camera id="29" sensor_id="0" component_id="0" label="DJI_0187">
        <transform>-9.6162646282588349e-01 2.3629673882737451e-01 1.3942165259574543e-01 -4.8019416028950292e+00 2.0984302858124110e-01 9.6081875252828641e-01 -1.8108900614294657e-01 -7.3885088841949695e+00 -1.7674967991154483e-01 -1.4488331860340378e-01 -9.7353396172996032e-01 1.6637066118188257e-01 0 0 0 1</transform>
        <rotation_covariance>1.2458433434666124e-08 3.7341030413331460e-09 -1.6051360467802376e-09 3.7341030413331460e-09 8.4999670597717131e-09 -1.0535782759191024e-09 -1.6051360467802372e-09 -1.0535782759191024e-09 8.7282077858285251e-10</rotation_covariance>
        <location_covariance>7.3610290740704136e-07 2.5980415606397536e-07 -2.7879766004456083e-07 2.5980415606397536e-07 6.8280555828809644e-07 3.7113296413686720e-07 -2.7879766004456083e-07 3.7113296413686720e-07 3.1516182521685525e-06</location_covariance>
        <orientation>1</orientation>
        <reference x="170245.2678938738" y="2544435.3387389197" z="198.16601595661231" yaw="185.5" pitch="0" roll="-0" enabled="true" rotation_enabled="false"/>
      </camera>
      <camera id="30" sensor_id="0" component_id="0" label="DJI_0188">
        <transform>-9.5937803524874754e-01 2.4620907035963030e-01 1.3774933449893190e-01 -5.1770193108666991e+00 2.1788566365615386e-01 9.5677832258228379e-01 -1.9261640379196204e-01 -8.5881708194068640e+00 -1.7921948291234815e-01 -1.5477834186111850e-01 -9.7155753398105715e-01 2.4227052828637061e-01 0 0 0 1</transform>
        <rotation_covariance>9.7791479543832096e-09 3.2251112470750590e-09 -1.3230693978650926e-09 3.2251112470750586e-09 8.1802843927352937e-09 -9.9927598316168693e-10 -1.3230693978650930e-09 -9.9927598316168713e-10 8.2110603473287018e-10</rotation_covariance>
        <location_covariance>6.8282034593578946e-07 1.9994030724663932e-07 -2.2284827023863000e-07 1.9994030724663932e-07 5.5482239666553517e-07 4.6575724825138570e-07 -2.2284827023863000e-07 4.6575724825138570e-07 3.1991695243257386e-06</location_covariance>
        <orientation>1</orientation>
        <reference x="170242.90895483369" y="2544407.2532481393" z="198.06601595612892" yaw="185.30000000000001" pitch="0" roll="-0" enabled="true" rotation_enabled="false"/>
      </camera>
      <camera id="31" sensor_id="0" component_id="0" label="DJI_0189">
        <transform>-9.5576344457823481e-01 2.6138844128288979e-01 1.3487891151566198e-01 -5.5698497869599075e+00 2.3251215674253714e-01 9.5226080735636498e-01 -1.9783187746148725e-01 -9.8406687969111104e+00 -1.8015086726097793e-01 -1.5771949003437702e-01 -9.7091205960602478e-01 3.2669078141881286e-01 0 0 0 1</transform>
        <rotation_covariance>6.8145552048204445e-09 2.3614259533408908e-09 -9.4677043590751454e-10 2.3614259533408908e-09 7.6746051262931988e-09 -9.2263938541850870e-10 -9.4677043590751454e-10 -9.2263938541850881e-10 7.5261996076926521e-10</rotation_covariance>
        <location_covariance>6.0146734165771112e-07 1.1152478388081268e-07 -1.7033146017498220e-07 1.1152478388081268e-07 3.9756142727906910e-07 4.8880107716313725e-07 -1.7033146017498220e-07 4.8880107716313725e-07 3.2679793296060603e-06</location_covariance>
        <orientation>1</orientation>
        <reference x="170240.49244975959" y="2544379.0542443884" z="198.0660159562309" yaw="185.40000000000001" pitch="0" roll="-0" enabled="true" rotation_enabled="false"/>
      </camera>
      <camera id="32" sensor_id="0" component_id="0" label="DJI_0190">
        <transform>-9.5604592976299640e-01 2.6163884864082726e-01 1.3236802130994596e-01 -5.9552892563425130e+00 2.3298666712456215e-01 9.5193802592587584e-01 -1.9882456522908606e-01 -1.1069668335753054e+01 -1.7802638322955533e-01 -1.5924543220528761e-01 -9.7105483840818929e-01 4.1266167303055779e-01 0 0 0 1</transform>
        <rotation_covariance>5.1787130698630872e-09 1.5630804622744635e-09 -7.1413343069447993e-10 1.5630804622744637e-09 7.6750383859399941e-09 -8.7040720125985318e-10 -7.1413343069448003e-10 -8.7040720125985318e-10 7.5905471271955569e-10</rotation_covariance>
