<?xml version="1.0" encoding="UTF-8"?>
<document version="1.5.0">
  <chunk label="main" enabled="true">
    <sensors next_id="1">
      <sensor id="0" label="FC6310 (8.8mm)" type="frame">
        <resolution width="5472" height="3648"/>
        <property name="pixel_width" value="0.0024122807017543861"/>
        <property name="pixel_height" value="0.0024122807017543861"/>
        <property name="focal_length" value="8.8000000000000007"/>
        <property name="layer_index" value="0"/>
        <bands>
          <band label="Red"/>
          <band label="Green"/>
          <band label="Blue"/>
        </bands>
        <data_type>uint8</data_type>
        <calibration type="frame" class="adjusted">
          <resolution width="5472" height="3648"/>
          <f>3571.2962469871677</f>
          <cx>-32.411748513279996</cx>
          <cy>-52.399024107903614</cy>
          <b2>0.70878095362902604</b2>
          <k1>-0.022996878045936309</k1>
          <k2>0.0010572310406122556</k2>
          <p1>-0.0020949671565108504</p1>
          <p2>-0.0034991749189983096</p2>
        </calibration>
        <covariance>
          <params>f cx cy b2 k1 k2 p1 p2</params>
          <coeffs>5.6874514319839586e-01 -9.4450594530572446e-02 -9.6098506348292312e-02 -6.1622192502181830e-03 6.6963332412076107e-06 -3.4288278782003553e-07 -1.0515676412094762e-06 -1.3614784146523778e-06 -9.4450594530572446e-02 1.9025621225692013e-02 1.6075845499785146e-02 8.0011005343931128e-04 -1.2355731662469992e-06 8.1816561536463413e-08 3.7554903116687320e-07 2.2728464789362966e-07 -9.6098506348292312e-02 1.6075845499785146e-02 1.8530063274592379e-02 8.9907393684647346e-04 -9.5401808841144780e-07 7.6340844382324797e-08 1.5581497195111490e-07 3.4581108276843655e-07 -6.1622192502181830e-03 8.0011005343931128e-04 8.9907393684647346e-04 3.3238204114802157e-03 3.4771182996345810e-07 -4.9104594886786108e-08 -2.4259511317052138e-08 -2.1441218974497585e-08 6.6963332412076107e-06 -1.2355731662469992e-06 -9.5401808841144780e-07 3.4771182996345810e-07 4.1262951996142938e-09 -1.3628773457628014e-09 -2.8691958868816513e-10 -2.8340249874924464e-10 -3.4288278782003553e-07 8.1816561536463413e-08 7.6340844382324797e-08 -4.9104594886786108e-08 -1.3628773457628014e-09 1.4385686891615504e-09 2.2882641533248828e-11 2.3166384923042205e-11 -1.0515676412094762e-06 3.7554903116687320e-07 1.5581497195111490e-07 -2.4259511317052138e-08 -2.8691958868816513e-10 2.2882641533248828e-11 4.7293605906481816e-11 2.5671570087308767e-11 -1.3614784146523778e-06 2.2728464789362966e-07 3.4581108276843655e-07 -2.1441218974497585e-08 -2.8340249874924464e-10 2.3166384923042205e-11 2.5671570087308767e-11 4.1335119199592267e-11</coeffs>
        </covariance>
        <meta>
          <property name="Exif/BodySerialNumber" value="bd1fd5e42e5e29c01f18abf306ff667e"/>
          <property name="Exif/Make" value="DJI"/>
          <property name="Exif/Model" value="FC6310"/>
          <property name="Exif/Software" value="v01.04.1546"/>
        </meta>
      </sensor>
    </sensors>
    <components next_id="1" active_id="0">
      <component id="0" label="Component 1">
        <transform>
          <rotation locked="true">-7.6602591126984876e-01 3.4005525732609782e-01 -5.4549676921873613e-01 -6.1744217509975352e-01 -1.5320110687947833e-01 7.7155335606747788e-01 1.7880006619485092e-01 9.2784257437120443e-01 3.2732047524243385e-01</rotation>
          <translation locked="true">-2.9568712619648101e+06 5.0757933455636259e+06 2.4769094218497258e+06</translation>
          <scale locked="true">2.2116477130625775e+01</scale>
        </transform>
        <region>
          <center>-9.8562051112197260e+00 -1.4189259002581052e+01 -6.3586529928547257e+00</center>
          <size>2.0292972630672327e+01 1.0922281683660952e+01 3.8461836962681515e+00</size>
          <R>-2.2641108918529956e-01 -9.7169240736655871e-01 6.7467652694518349e-02 9.6991436994751057e-01 -2.1855031232174157e-01 1.0724679926875529e-01 -8.9465823995812294e-02 8.9719710489117074e-02 9.9194064332826870e-01</R>
        </region>
        <partition>
          <partition>
            <camera_ids>0 1 2 3 4 5 6 7 8 9 10 11 12 13 14 15 16 17 18 19 20 21 24 25 26 27 28 29 30 31 32 33 34 35 36 37 38 39 40 41 42 43 51 52 53 54 55 56 57 58 59 60 61 62 63 64 67 68 69 70 71 72 73 74 75 76 77 78 79 80 81 95 96 97 98 99 100 101 102 103 104 105 106 107 108 113 114 115 116 117 118 119 120 121 122 123 124 125 126</camera_ids>
          </partition>
          <partition>
            <camera_ids>44 45 46 47 48 49 50 82 83 84 85 86 87 88 89 90 91 92 93 94 127 128 129 130 131 132 133 134 135 136 137 138 139 140 141 142 143 144 145 146 147 148 149 150 151 152 153 159 160 161 162 163 164 165 166 167 168 169 170 171 172 173 174 175 176 177 178</camera_ids>
          </partition>
        </partition>
      </component>
    </components>
    <cameras next_id="202" next_group_id="0">
      <camera id="0" sensor_id="0" component_id="0" label="DJI_0158">
        <transform>9.8801533318262003e-01 -1.2481397097386482e-01 9.0813952924482910e-02 -8.0664548396459246e+00 -1.2043217338280167e-01 -9.9134561168245616e-01 -5.2249113028173200e-02 -2.5986640450550929e+01 9.6549432988131886e-02 4.0686003092847811e-02 -9.9449628261849154e-01 1.5829911693746541e+00 0 0 0 1</transform>
        <rotation_covariance>4.9103691236738937e-08 -8.1875270186003142e-09 1.4705321751308713e-09 -8.1875270186003125e-09 1.4871919777493145e-08 6.4763149425411326e-10 1.4705321751308709e-09 6.4763149425411315e-10 1.4901233214399348e-09</rotation_covariance>
        <location_covariance>1.0718287025120026e-06 -1.5180408097596738e-07 -7.6997634204980234e-07 -1.5180408097596738e-07 3.2100773289917476e-06 5.7706195199533083e-07 -7.6997634204980234e-07 5.7706195199533083e-07 3.0110907973617922e-06</location_covariance>
        <orientation>1</orientation>
        <reference x="170264.66830670324" y="2544016.7036028518" z="198.16601595268756" yaw="5.5999999999999996" pitch="0" roll="-0" enabled="true" rotation_enabled="false"/>
      </camera>
      <camera id="1" sensor_id="0" component_id="0" label="DJI_0159">
        <transform>9.9383181113735475e-01 -8.9356509118788729e-02 6.5679109689070675e-02 -7.6666234668625650e+00 -8.6793859418547878e-02 -9.9538667517627788e-01 -4.0892454667674161e-02 -2.4800356510938698e+01 6.9030117620343806e-02 3.4939678871138247e-02 -9.9700253846301867e-01 1.4973224481953760e+00 0 0 0 1</transform>
        <rotation_covariance>3.6932640733813555e-08 -7.7973641113814201e-09 5.2584019883991308e-10 -7.7973641113814201e-09 1.2529666625586093e-08 1.5917006591095980e-10 5.2584019883991329e-10 1.5917006591095970e-10 1.1357675949842824e-09</rotation_covariance>
        <location_covariance>8.4954918472314378e-07 -2.6121711222001486e-07 -6.9541314389309192e-07 -2.6121711222001486e-07 2.3578308457078062e-06 1.9008535736222832e-07 -6.9541314389309192e-07 1.9008535736222832e-07 3.0918348934485040e-06</location_covariance>
        <orientation>1</orientation>
        <reference x="170267.46872542141" y="2544044.2637901544" z="198.26601595430904" yaw="4.2000000000000002" pitch="0" roll="-0" enabled="true" rotation_enabled="false"/>
      </camera>
      <camera id="2" sensor_id="0" component_id="0" label="DJI_0160">
        <transform>9.9643805090877158e-01 -7.1126139083334483e-02 4.5302130636718445e-02 -7.2629422197480382e+00 -6.9956730971977951e-02 -9.9718732184030878e-01 -2.6897973021537253e-02 -2.3575659371195425e+01 4.7087859293478695e-02 2.3632974845566659e-02 -9.9861114354242342e-01 1.4106753041133924e+00 0 0 0 1</transform>
        <rotation_covariance>2.7421545804999314e-08 -7.8407388021101443e-09 1.1121094141622164e-10 -7.8407388021101427e-09 1.1214877159080831e-08 -1.8377636405914818e-10 1.1121094141622134e-10 -1.8377636405914810e-10 9.8432858079592987e-10</rotation_covariance>
        <location_covariance>7.2550220487112821e-07 -3.2461986058706162e-07 -5.9594456411067149e-07 -3.2461986058706162e-07 1.7296221398743202e-06 -3.2729326731015631e-08 -5.9594456411067149e-07 -3.2729326731015631e-08 3.2501791676026421e-06</location_covariance>
        <orientation>1</orientation>
        <reference x="170270.35802677175" y="2544073.5492542814" z="198.26601595227535" yaw="4" pitch="0" roll="-0" enabled="true" rotation_enabled="false"/>
      </camera>
      <camera id="3" sensor_id="0" component_id="0" label="DJI_0161">
        <transform>9.9798165021651020e-01 -5.7946322051063238e-02 2.5977867346751865e-02 -6.8639425260719538e+00 -5.7323672641880097e-02 -9.9806459739009745e-01 -2.4105103015515772e-02 -2.2347264242379762e+01 2.7324391776900412e-02 2.2567303722344056e-02 -9.9937184992210271e-01 1.3267311850064467e+00 0 0 0 1</transform>
        <rotation_covariance>2.1074091241492101e-08 -7.7958140731057852e-09 -5.0136566622130955e-12 -7.7958140731057852e-09 1.0564364850842342e-08 -1.8439714466786525e-10 -5.0136566622130470e-12 -1.8439714466786535e-10 9.2837391894431411e-10</rotation_covariance>
        <location_covariance>6.6235053987131447e-07 -3.5860120567235366e-07 -4.8009929434531918e-07 -3.5860120567235366e-07 1.3215138144778273e-06 -1.1832492212398736e-07 -4.8009929434531918e-07 -1.1832492212398736e-07 3.4098623885565795e-06</location_covariance>
        <orientation>1</orientation>
        <reference x="170273.11090098281" y="2544102.8877384188" z="198.26601595208808" yaw="3.8000000000000007" pitch="0" roll="-0" enabled="true" rotation_enabled="false"/>
      </camera>
      <camera id="4" sensor_id="0" component_id="0" label="DJI_0162">
        <transform>9.9839983654140796e-01 -5.5630832187266013e-02 1.0147753654980288e-02 -6.4825670654859699e+00 -5.5430644599249589e-02 -9.9828091181196643e-01 -1.9043758851183368e-02 -2.1156697999017016e+01 1.1189728924401874e-02 1.8450789197825168e-02 -9.9976715206320710e-01 1.2506521717959829e+00 0 0 0 1</transform>
        <rotation_covariance>1.6262518091722326e-08 -7.2888297655451336e-09 2.4401232293778508e-11 -7.2888297655451352e-09 1.0534861938031219e-08 -1.1339101896447354e-10 2.4401232293778521e-11 -1.1339101896447354e-10 8.9572899496279480e-10</rotation_covariance>
        <location_covariance>6.5002873100868511e-07 -3.4924300200216778e-07 -3.8907261997689898e-07 -3.4924300200216778e-07 1.0233660825735184e-06 -1.5891116118539154e-07 -3.8907261997689898e-07 -1.5891116118539154e-07 3.5827658480281732e-06</location_covariance>
        <orientation>1</orientation>
        <reference x="170275.71808092637" y="2544131.605604222" z="198.06601595392439" yaw="3.8000000000000007" pitch="0" roll="-0" enabled="true" rotation_enabled="false"/>
      </camera>
      <camera id="5" sensor_id="0" component_id="0" label="DJI_0163">
        <transform>9.9814309635732945e-01 -6.0830363093670431e-02 -3.1664049165843998e-03 -6.0917547483644334e+00 -6.0889114333632435e-02 -9.9785433033466597e-01 -2.4067637774022058e-02 -1.9885204512521611e+01 -1.6955677130060206e-03 2.4215746080761463e-02 -9.9970531792717932e-01 1.1739907369245053e+00 0 0 0 1</transform>
        <rotation_covariance>1.1708094337842762e-08 -6.6197674722471030e-09 1.6004940950671522e-11 -6.6197674722471005e-09 1.1028276327342121e-08 -3.7584339415319157e-11 1.6004940950671574e-11 -3.7584339415319222e-11 8.2377955212097876e-10</rotation_covariance>
        <location_covariance>6.5793435278952658e-07 -3.3657694767530046e-07 -2.8676838013277249e-07 -3.3657694767530046e-07 7.4705584024526370e-07 -1.0323869703747142e-07 -2.8676838013277249e-07 -1.0323869703747142e-07 3.7522357448141438e-06</location_covariance>
        <orientation>1</orientation>
        <reference x="170278.01411442587" y="2544160.7250268501" z="197.96601595551968" yaw="4.2999999999999998" pitch="0" roll="-0" enabled="true" rotation_enabled="false"/>
      </camera>
      <camera id="6" sensor_id="0" component_id="0" label="DJI_0164">
        <transform>9.9824054038397225e-01 -5.8431280001338404e-02 -1.0080131513052896e-02 -5.6933669938245970e+00 -5.8731653010147392e-02 -9.9773976620335902e-01 -3.2648918376604101e-02 -1.8593570294499145e+01 -8.1496299677283109e-03 3.3183496709534757e-02 -9.9941604903939651e-01 1.0975264038461456e+00 0 0 0 1</transform>
        <rotation_covariance>8.5982722500815768e-09 -5.9559634685062079e-09 1.2147410915733152e-10 -5.9559634685062079e-09 1.1776352497625271e-08 -7.4015675821940822e-11 1.2147410915733144e-10 -7.4015675821940731e-11 8.1111898666566166e-10</rotation_covariance>
        <location_covariance>6.9520006139841459e-07 -3.1762200765665195e-07 -2.0455281347274352e-07 -3.1762200765665195e-07 5.6124281961922028e-07 1.1841376734338556e-08 -2.0455281347274352e-07 1.1841376734338556e-08 3.8980943327887835e-06</location_covariance>
        <orientation>1</orientation>
        <reference x="170280.45551672729" y="2544190.4066239516" z="197.96601595449675" yaw="4.7999999999999998" pitch="0.099999999999993788" roll="-0" enabled="true" rotation_enabled="false"/>
      </camera>
      <camera id="7" sensor_id="0" component_id="0" label="DJI_0165">
        <transform>9.9764425185339478e-01 -6.6945881305640220e-02 -1.4973166668785015e-02 -5.2835093214480304e+00 -6.7453327592149059e-02 -9.9705687549645694e-01 -3.6436734513252828e-02 -1.7307850090187873e+01 -1.2489809471177131e-02 3.7360888659856359e-02 -9.9922378307260051e-01 1.0317821732470700e+00 0 0 0 1</transform>
        <rotation_covariance>6.0118564427206651e-09 -4.8838754993545668e-09 2.4866098375693044e-10 -4.8838754993545668e-09 1.2418905796614025e-08 -1.8255878310667860e-10 2.4866098375693044e-10 -1.8255878310667871e-10 7.9822235928010815e-10</rotation_covariance>
        <location_covariance>7.2938070590729452e-07 -2.6938541178591151e-07 -1.2004085002141524e-07 -2.6938541178591151e-07 4.3773915816763768e-07 1.6254620001286221e-07 -1.2004085002141524e-07 1.6254620001286221e-07 4.0017552059077106e-06</location_covariance>
        <orientation>1</orientation>
        <reference x="170283.09811042302" y="2544219.8995071556" z="197.96601595557129" yaw="5.2999999999999998" pitch="0" roll="-0" enabled="true" rotation_enabled="false"/>
      </camera>
      <camera id="8" sensor_id="0" component_id="0" label="DJI_0166">
        <transform>9.9856788310733524e-01 -4.9642534258571104e-02 -1.9944964751074091e-02 -4.9003090735980850e+00 -5.0407821223038052e-02 -9.9793141578506628e-01 -3.9899134686851523e-02 -1.6109227451273757e+01 -1.7923012751243240e-02 4.0847376679535696e-02 -9.9900463333876421e-01 9.6488523553211780e-01 0 0 0 1</transform>
        <rotation_covariance>4.5418905402780793e-09 -3.7714706120036494e-09 3.1107743563203043e-10 -3.7714706120036503e-09 1.2395328886411729e-08 -1.9914494118352762e-10 3.1107743563203033e-10 -1.9914494118352778e-10 7.9378581974250850e-10</rotation_covariance>
        <location_covariance>7.4269927860123947e-07 -2.0400617814256292e-07 -5.0219936165130425e-08 -2.0400617814256292e-07 3.8467927818382082e-07 3.3093157746868584e-07 -5.0219936165130425e-08 3.3093157746868584e-07 4.0392639174571639e-06</location_covariance>
        <orientation>1</orientation>
        <reference x="170284.85534528422" y="2544239.2517830748" z="198.06601595453935" yaw="4.4000000000000004" pitch="0" roll="-0" enabled="true" rotation_enabled="false"/>
      </camera>
      <camera id="9" sensor_id="0" component_id="0" label="DJI_0167">
        <transform>9.9911825563745960e-01 -3.0331940232102363e-02 -2.9029031222473550e-02 -4.4957804410010462e+00 -3.1412495037136147e-02 -9.9880200199072744e-01 -3.7520873855194259e-02 -1.4836115444174471e+01 -2.7856173597625909e-02 3.8399664335403649e-02 -9.9887411587818575e-01 8.7996780822181564e-01 0 0 0 1</transform>
        <rotation_covariance>3.8714068733288253e-09 -2.8156969174662466e-09 2.5210141622065552e-10 -2.8156969174662461e-09 1.2866947935107508e-08 -2.7194984569903442e-10 2.5210141622065547e-10 -2.7194984569903453e-10 7.6382069628747917e-10</rotation_covariance>
        <location_covariance>7.8036860545700648e-07 -1.4432410381122700e-07 9.5033343086695210e-09 -1.4432410381122700e-07 3.5775867955612564e-07 4.6107039810530668e-07 9.5033343086695210e-09 4.6107039810530668e-07 4.0359352569529321e-06</location_covariance>
        <orientation>1</orientation>
        <reference x="170288.10018402545" y="2544275.9828464948" z="198.16601595638934" yaw="3.6000000000000001" pitch="0.099999999999993788" roll="-0" enabled="true" rotation_enabled="false"/>
      </camera>
      <camera id="10" sensor_id="0" component_id="0" label="DJI_0168">
        <transform>9.9908942059776851e-01 -1.9540078463183220e-02 -3.7927760061289478e-02 -4.1156914834393650e+00 -2.0763820597599434e-02 -9.9926754756620695e-01 -3.2143928434614090e-02 -1.3608000893535552e+01 -3.7271884897396954e-02 3.2902184041056159e-02 -9.9876336180374758e-01 7.9058387075233105e-01 0 0 0 1</transform>
        <rotation_covariance>3.7707331866559328e-09 -1.7915099007069889e-09 1.5768291390836434e-10 -1.7915099007069889e-09 1.3352835864682671e-08 -5.2215596902404839e-10 1.5768291390836432e-10 -5.2215596902404829e-10 7.3849925321068733e-10</rotation_covariance>
        <location_covariance>8.1092682450739713e-07 -8.2731067516094918e-08 6.0229060777866310e-08 -8.2731067516094918e-08 3.6988040061695307e-07 5.6741082801484421e-07 6.0229060777866310e-08 5.6741082801484421e-07 3.9974499228509561e-06</location_covariance>
        <orientation>1</orientation>
        <reference x="170290.23446233806" y="2544302.5314297318" z="198.16601595611348" yaw="3.2000000000000002" pitch="0" roll="-0" enabled="true" rotation_enabled="false"/>
      </camera>
      <camera id="11" sensor_id="0" component_id="0" label="DJI_0169">
        <transform>9.9885997179032282e-01 -1.8482663147719524e-02 -4.4013042589716521e-02 -3.7414425115330396e+00 -1.9438201781548807e-02 -9.9958239104741697e-01 -2.1382231394992901e-02 -1.2393674174176365e+01 -4.3599461768880375e-02 2.2213389450895293e-02 -9.9880210865945174e-01 7.0181940607005922e-01 0 0 0 1</transform>
        <rotation_covariance>4.1619360339856160e-09 -1.7804044580358831e-10 -2.6340518348818405e-11 -1.7804044580358834e-10 1.4253730394779000e-08 -8.7273257851286374e-10 -2.6340518348818424e-11 -8.7273257851286384e-10 7.6321603471183302e-10</rotation_covariance>
        <location_covariance>8.7752939954153219e-07 1.0208994277943951e-08 8.6306944155286420e-08 1.0208994277943951e-08 4.2434203861780617e-07 6.7178789620651860e-07 8.6306944155286420e-08 6.7178789620651860e-07 3.9184953022174502e-06</location_covariance>
        <orientation>1</orientation>
        <reference x="170292.33398094826" y="2544329.5077897809" z="198.26601595760633" yaw="3.5000000000000004" pitch="0" roll="-0" enabled="true" rotation_enabled="false"/>
      </camera>
      <camera id="12" sensor_id="0" component_id="0" label="DJI_0170">
        <transform>9.9867367506088423e-01 -1.6136176469272442e-02 -4.8892888535440444e-02 -3.3605360837460441e+00 -1.6794098318225280e-02 -9.9977346810287249e-01 -1.3075577969339636e-02 -1.1161044723276659e+01 -4.8670822903093477e-02 1.3879347481311883e-02 -9.9871843615276701e-01 6.1457197040757949e-01 0 0 0 1</transform>
        <rotation_covariance>5.2887938936033568e-09 1.5139283054695801e-09 -3.4278584541277368e-10 1.5139283054695803e-09 1.5240786987948179e-08 -1.2286710387772756e-09 -3.4278584541277368e-10 -1.2286710387772754e-09 8.2272551939183801e-10</rotation_covariance>
        <location_covariance>9.5016863965069778e-07 1.1539887093788004e-07 9.9021260565319570e-08 1.1539887093788004e-07 5.2532565198884485e-07 7.4481794836505653e-07 9.9021260565319570e-08 7.4481794836505653e-07 3.7820924883432851e-06</location_covariance>
        <orientation>1</orientation>
        <reference x="170294.63082865509" y="2544357.1783253737" z="198.16601595618789" yaw="3.6000000000000001" pitch="0.099999999999993788" roll="-0" enabled="true" rotation_enabled="false"/>
      </camera>
      <camera id="13" sensor_id="0" component_id="0" label="DJI_0171">
        <transform>9.9852514584284835e-01 -1.6270603149034696e-02 -5.1795758442990517e-02 -2.9522872863795442e+00 -1.6898776582049520e-02 -9.9978859474814197e-01 -1.1713119207364999e-02 -9.8485261259939350e+00 -5.1594229033371318e-02 1.2571129014634710e-02 -9.9858900567037556e-01 5.3687809628319350e-01 0 0 0 1</transform>
        <rotation_covariance>7.3589552093050040e-09 3.6353554586276310e-09 -7.3876686755296963e-10 3.6353554586276319e-09 1.6286212190996883e-08 -1.5224201363351091e-09 -7.3876686755296963e-10 -1.5224201363351093e-09 8.9333095746673372e-10</rotation_covariance>
        <location_covariance>1.0299748116717031e-06 2.5109688558430254e-07 8.7661763642199319e-08 2.5109688558430254e-07 6.9383779948803215e-07 7.9041002087652824e-07 8.7661763642199319e-08 7.9041002087652824e-07 3.6113947149933506e-06</location_covariance>
        <orientation>1</orientation>
        <reference x="170296.9645571427" y="2544385.8976502288" z="198.06601595523159" yaw="4" pitch="0" roll="-0" enabled="true" rotation_enabled="false"/>
      </camera>
      <camera id="14" sensor_id="0" component_id="0" label="DJI_0172">
        <transform>9.9854041789364345e-01 -1.5949062256478363e-02 -5.1600981055850377e-02 -2.5744056120453878e+00 -1.6335688942689573e-02 -9.9984150011222062e-01 -7.0795423660241497e-03 -8.6385660327959588e+00 -5.1479890244200611e-02 7.9121467683315183e-03 -9.9864268826941360e-01 4.6488540263193640e-01 0 0 0 1</transform>
        <rotation_covariance>1.0959921076510655e-08 5.6730696928630580e-09 -1.1743821931914136e-09 5.6730696928630580e-09 1.7386444063828916e-08 -1.8481227152036908e-09 -1.1743821931914138e-09 -1.8481227152036910e-09 1.0109842040558176e-09</rotation_covariance>
        <location_covariance>1.1156842569015946e-06 3.7714492950746759e-07 2.2479318806281538e-08 3.7714492950746759e-07 9.3576659369257897e-07 7.4841371862783755e-07 2.2479318806281538e-08 7.4841371862783755e-07 3.4591332269969562e-06</location_covariance>
        <orientation>1</orientation>
        <reference x="170299.42612472616" y="2544415.096185348" z="198.06601595786205" yaw="4" pitch="0" roll="-0" enabled="true" rotation_enabled="false"/>
      </camera>
      <camera id="15" sensor_id="0" component_id="0" label="DJI_0173">
        <transform>9.9851351258962473e-01 -7.9867646247524411e-03 -5.3916386811047733e-02 -2.2096977926803620e+00 -8.3486931111754533e-03 -9.9994408232902221e-01 -6.4908811809497036e-03 -7.4723638064365803e+00 -5.3861530792070240e-02 6.9313639349405931e-03 -9.9852435708636378e-01 3.8498872331502687e-01 0 0 0 1</transform>
        <rotation_covariance>1.4780983923168644e-08 7.5525708080899244e-09 -1.6739097328963046e-09 7.5525708080899244e-09 1.8861387943276242e-08 -2.2301486884455183e-09 -1.6739097328963044e-09 -2.2301486884455187e-09 1.1522379324185994e-09</rotation_covariance>
        <location_covariance>1.2209555377138167e-06 4.9756860650736389e-07 -7.1474698555745887e-08 4.9756860650736389e-07 1.1839719068636733e-06 6.4908255183456481e-07 -7.1474698555745887e-08 6.4908255183456481e-07 3.3380026407403431e-06</location_covariance>
        <orientation>1</orientation>
        <reference x="170301.84564726945" y="2544443.8858099375" z="198.16601595749529" yaw="3.9000000000000008" pitch="0.099999999999993788" roll="-0" enabled="true" rotation_enabled="false"/>
      </camera>
      <camera id="16" sensor_id="0" component_id="0" label="DJI_0174">
        <transform>9.9832209402639260e-01 -2.5787381611495738e-02 -5.1845998190615521e-02 -1.8222921226822038e+00 -2.6067271833449673e-02 -9.9964900321949679e-01 -4.7294504360911984e-03 -6.2253059009239236e+00 -5.1705840268960510e-02 6.0729985912639159e-03 -9.9864389287182420e-01 3.0870391996236229e-01 0 0 0 1</transform>
        <rotation_covariance>1.9864990969444610e-08 1.0089783862857303e-08 -2.2369415435812187e-09 1.0089783862857303e-08 2.0064859148259855e-08 -2.6403377320526553e-09 -2.2369415435812182e-09 -2.6403377320526549e-09 1.3509538332958518e-09</rotation_covariance>
        <location_covariance>1.3508895291616623e-06 6.5561590416082330e-07 -2.2677776777448171e-07 6.5561590416082330e-07 1.4824481897974286e-06 4.8243805183962172e-07 -2.2677776777448171e-07 4.8243805183962172e-07 3.2797711133871403e-06</location_covariance>
        <orientation>1</orientation>
        <reference x="170304.24730968516" y="2544472.5309488797" z="198.16601595830159" yaw="4.4000000000000004" pitch="0" roll="-0" enabled="true" rotation_enabled="false"/>
      </camera>
      <camera id="17" sensor_id="0" component_id="0" label="DJI_0175">
        <transform>9.9864192525455442e-01 -1.1643996148754244e-02 -5.0781123240477358e-02 -1.4262179087655347e+00 -1.1862371317343370e-02 -9.9992163481388663e-01 -4.0010470947068593e-03 -4.9562836627490183e+00 -5.0730555591341812e-02 4.5979979134822963e-03 -9.9870179190015562e-01 2.2590350612710139e-01 0 0 0 1</transform>
        <rotation_covariance>2.6292107626137967e-08 1.3126410876972354e-08 -2.7452685452895380e-09 1.3126410876972352e-08 2.3091123140428412e-08 -3.3590930639353926e-09 -2.7452685452895384e-09 -3.3590930639353930e-09 1.6995400784491487e-09</rotation_covariance>
        <location_covariance>1.5679995255604325e-06 8.3568768458356674e-07 -4.5821290650446882e-07 8.3568768458356674e-07 1.8928503653245648e-06 2.0709393177036927e-07 -4.5821290650446882e-07 2.0709393177036927e-07 3.3201256509128676e-06</location_covariance>
        <orientation>1</orientation>
        <reference x="170306.69038302216" y="2544501.4681082247" z="198.16601595790021" yaw="3.6999999999999997" pitch="0" roll="-0" enabled="true" rotation_enabled="false"/>
      </camera>
      <camera id="18" sensor_id="0" component_id="0" label="DJI_0176">
        <transform>9.9824712884149536e-01 -3.5714405459733513e-02 -4.7192700731881490e-02 -1.0507516105998971e+00 -3.5396029232341510e-02 -9.9934473036442029e-01 7.5651178078738890e-03 -3.7406642371234406e+00 -4.7431960472811958e-02 -5.8814229163991483e-03 -9.9885715594882929e-01 1.5127734584582692e-01 0 0 0 1</transform>
        <rotation_covariance>3.7901083642505182e-08 1.6832667065799927e-08 -3.3422612192400514e-09 1.6832667065799924e-08 2.6259610605730519e-08 -4.5419332734664783e-09 -3.3422612192400523e-09 -4.5419332734664783e-09 2.4492002961672316e-09</rotation_covariance>
        <location_covariance>1.8863720360713092e-06 1.0600929889457271e-06 -7.8672182225064656e-07 1.0600929889457271e-06 2.5376106676170299e-06 -2.2116385840234115e-07 -7.8672182225064656e-07 -2.2116385840234115e-07 3.5325499946195029e-06</location_covariance>
        <orientation>1</orientation>
        <reference x="170309.08380431091" y="2544530.7100755791" z="198.16601595932934" yaw="4.7999999999999998" pitch="0.099999999999993788" roll="-0" enabled="true" rotation_enabled="false"/>
      </camera>
      <camera id="19" sensor_id="0" component_id="0" label="DJI_0177">
        <transform>9.9895370898205349e-01 -1.4163186152372328e-02 -4.3484381897539615e-02 -6.6557177299111481e-01 -1.3916043798406981e-02 -9.9988527941952121e-01 5.9809468436949342e-03 -2.5000804359332744e+00 -4.3564102607521256e-02 -5.3695584697011078e-03 -9.9903620395150949e-01 7.9095879025789573e-02 0 0 0 1</transform>
        <rotation_covariance>6.5404415945579835e-08 2.4017910224716810e-08 -3.5924356110073411e-09 2.4017910224716810e-08 3.9542019305501008e-08 -8.2430978631123400e-09 -3.5924356110073399e-09 -8.2430978631123417e-09 5.0305375336504984e-09</rotation_covariance>
        <location_covariance>2.8378026385370657e-06 1.3542298904479043e-06 -1.4876026800349576e-06 1.3542298904479043e-06 4.2075216729541468e-06 -1.1878044117190256e-06 -1.4876026800349576e-06 -1.1878044117190256e-06 4.3010667648450673e-06</location_covariance>
        <orientation>1</orientation>
        <reference x="170311.5254181223" y="2544559.9117978965" z="198.06601595796809" yaw="3.6000000000000001" pitch="0.099999999999993788" roll="-0" enabled="true" rotation_enabled="false"/>
      </camera>
      <camera id="20" sensor_id="0" component_id="0" label="DJI_0178">
        <transform>9.9909191999088565e-01 -1.5765907194700973e-02 -3.9582465553006645e-02 -2.8097878540244753e-01 -1.5595426892816037e-02 -9.9986774698896541e-01 4.6120701687280552e-03 -1.2838933078718455e+00 -3.9649944123008707e-02 -3.9905765922377823e-03 -9.9920566312921966e-01 1.9567194995629292e-03 0 0 0 1</transform>
        <rotation_covariance>2.7463354294476351e-07 -1.6101055311443685e-09 -2.0077441021030554e-09 -1.6101055311443672e-09 1.6175900420578366e-07 -5.4731394722447313e-08 -2.0077441021030546e-09 -5.4731394722447313e-08 3.3559081052526160e-08</rotation_covariance>
        <location_covariance>1.2255861332741886e-05 -2.0466052277728041e-06 -5.4030941923388353e-06 -2.0466052277728041e-06 1.7866557088573363e-05 -5.5344997761870352e-06 -5.4030941923388353e-06 -5.5344997761870352e-06 9.1133632404470262e-06</location_covariance>
        <orientation>1</orientation>
        <reference x="170314.03833204909" y="2544589.1346766595" z="198.06601595834414" yaw="3.8999999999999999" pitch="0" roll="-0" enabled="true" rotation_enabled="false"/>
      </camera>
      <camera id="21" sensor_id="0" component_id="0" label="DJI_0179">
        <transform>9.9914230739602661e-01 -1.6576669075055648e-02 -3.7945534832447919e-02 1.0842900183934666e-01 -1.5266926481334613e-02 -9.9928636460811515e-01 3.4549710043799309e-02 -2.7831878601062465e-01 -3.8491174665862680e-02 -3.3940765322443403e-02 -9.9868235887201329e-01 3.1403319733864017e-02 0 0 0 1</transform>
        <rotation_covariance>2.7630560353396728e-05 -4.1906629960733916e-06 -1.5957900236954381e-06 -4.1906629960733907e-06 1.2616892320419670e-05 -4.9730156053176241e-06 -1.5957900236954384e-06 -4.9730156053176232e-06 3.3326573387745827e-06</rotation_covariance>
        <location_covariance>9.7762185037391530e-04 -4.3412924259720665e-04 -4.4932910394256874e-04 -4.3412924259720665e-04 1.8621170665458391e-03 -5.4288205700475612e-04 -4.4932910394256874e-04 -5.4288205700475612e-04 5.9215907544459239e-04</location_covariance>
        <orientation>1</orientation>
        <reference x="170315.74349374051" y="2544608.3457324193" z="198.16601595841115" yaw="4.0999999999999996" pitch="0.099999999999993788" roll="-0" enabled="true" rotation_enabled="false"/>
      </camera>
      <camera id="24" sensor_id="0" component_id="0" label="DJI_0182">
        <transform>-9.9218545021168647e-01 9.4139511394139258e-02 8.1888856279135738e-02 -2.4635496225995026e+00 8.2582022722403572e-02 9.8745366715749427e-01 -1.3459370245406554e-01 5.4176315553327394e-02 -9.3532036817919453e-02 -1.2677936587508976e-01 -9.8751139258086607e-01 -3.0696173641179803e-01 0 0 0 1</transform>
        <rotation_covariance>5.9208387358966197e-06 -4.1666945837515108e-07 6.0671597853460441e-07 -4.1666945837515098e-07 1.3374841899200409e-06 4.2512411266070621e-07 6.0671597853460452e-07 4.2512411266070611e-07 3.4399200342333220e-07</rotation_covariance>
        <location_covariance>1.2120624237474432e-04 2.3334946647410885e-05 -2.0784739587247808e-05 2.3334946647410885e-05 3.2999310481306626e-04 -2.0515614634612520e-04 -2.0784739587247808e-05 -2.0515614634612520e-04 1.3632551025484840e-04</location_covariance>
        <orientation>1</orientation>
        <reference x="170260.31705011197" y="2544607.8829276883" z="198.26601595899567" yaw="185.5" pitch="0" roll="-0" enabled="true" rotation_enabled="false"/>
      </camera>
      <camera id="25" sensor_id="0" component_id="0" label="DJI_0183">
        <transform>-9.8201843576395054e-01 1.4802501256707945e-01 1.1716820163440393e-01 -3.2463719370457671e+00 1.3067828657809111e-01 9.8091276302526398e-01 -1.4399075231124053e-01 -2.4032521418583110e+00 -1.3624601732431899e-01 -1.2609023351813897e-01 -9.8261807217993025e-01 -1.4975713615430622e-01 0 0 0 1</transform>
        <rotation_covariance>4.9275002333981058e-08 1.0110629754022335e-08 -4.4914790856195668e-09 1.0110629754022337e-08 1.3236247999696014e-08 -5.7497566295798724e-10 -4.4914790856195668e-09 -5.7497566295798703e-10 2.0495561515776039e-09</rotation_covariance>
        <location_covariance>1.3005584745208711e-06 9.5810864731458519e-07 -6.0876215204332322e-07 9.5810864731458519e-07 2.7026939899898568e-06 -4.2956676073456804e-07 -6.0876215204332322e-07 -4.2956676073456804e-07 3.1787004036429209e-06</location_covariance>
        <orientation>1</orientation>
        <reference x="170255.76606724871" y="2544558.4633085071" z="198.16601595948515" yaw="185.40000000000001" pitch="0" roll="-0" enabled="true" rotation_enabled="false"/>
      </camera>
      <camera id="26" sensor_id="0" component_id="0" label="DJI_0184">
        <transform>-9.7708535947071917e-01 1.6958249678362577e-01 1.2863116687882328e-01 -3.6280915782657819e+00 1.4952576453931266e-01 9.7697298523123322e-01 -1.5220325839910973e-01 -3.6213077254383346e+00 -1.5148018367730534e-01 -1.2948190187436898e-01 -9.7994295295189826e-01 -7.7823228417005147e-02 0 0 0 1</transform>
        <rotation_covariance>3.8479869661232967e-08 7.6405171818621712e-09 -3.8722289162308826e-09 7.6405171818621712e-09 1.1365205193970370e-08 -1.0518246053415300e-09 -3.8722289162308809e-09 -1.0518246053415296e-09 1.4611381169539960e-09</rotation_covariance>
        <location_covariance>1.0823751014436085e-06 7.4944138975712641e-07 -4.2114860137494924e-07 7.4944138975712641e-07 2.1298950170605533e-06 4.4394309791686375e-08 -4.2114860137494924e-07 4.4394309791686375e-08 3.0019481323687220e-06</location_covariance>
        <orientation>1</orientation>
        <reference x="170253.25810426293" y="2544529.6587733123" z="198.06601595779537" yaw="185.30000000000001" pitch="0" roll="-0" enabled="true" rotation_enabled="false"/>
      </camera>
      <camera id="27" sensor_id="0" component_id="0" label="DJI_0185">
        <transform>-9.6957234296364359e-01 2.0377760338035963e-01 1.3566193320363462e-01 -4.0243885151154428e+00 1.8116421906378291e-01 9.6997994927898545e-01 -1.6222954024389569e-01 -4.8850546718017220e+00 -1.6464810199634936e-01 -1.3271618724666953e-01 -9.7738294242927437e-01 -4.3035903608329585e-03 0 0 0 1</transform>
        <rotation_covariance>3.0325761090440199e-08 5.4355114641404636e-09 -3.2686337429097644e-09 5.4355114641404611e-09 1.0330573356353593e-08 -1.0632597508062306e-09 -3.2686337429097644e-09 -1.0632597508062304e-09 1.1932409853675834e-09</rotation_covariance>
        <location_covariance>9.5645561169110529e-07 5.6158524963837380e-07 -2.9740217767066413e-07 5.6158524963837380e-07 1.6996671767236009e-06 3.8214697483777758e-07 -2.9740217767066413e-07 3.8214697483777758e-07 2.9902066212047600e-06</location_covariance>
        <orientation>1</orientation>
        <reference x="170250.83980120925" y="2544501.1152404477" z="198.16601595760179" yaw="185.69999999999999" pitch="0.099999999999993788" roll="-0" enabled="true" rotation_enabled="false"/>
      </camera>
      <camera id="28" sensor_id="0" component_id="0" label="DJI_0186">
        <transform>-9.6624630263792644e-01 2.1731834528106345e-01 1.3835035035314067e-01 -4.4047137196539596e+00 1.9251510869616278e-01 9.6596289885833253e-01 -1.7278197519681004e-01 -6.1012399830798456e+00 -1.7118999842935023e-01 -1.4031541196000857e-01 -9.7519514437073163e-01 6.6469566712935468e-02 0 0 0 1</transform>
        <rotation_covariance>2.3218874586123249e-08 4.0703383842856939e-09 -2.5997973518673975e-09 4.0703383842856931e-09 9.6651306752215081e-09 -1.1051035102739698e-09 -2.5997973518673975e-09 -1.1051035102739694e-09 1.0531780652322269e-09</rotation_covariance>
        <location_covariance>8.4985357807205303e-07 4.0338862418205258e-07 -2.1330319644748799e-07 4.0338862418205258e-07 1.3419496260224792e-06 6.0076951311521795e-07 -2.1330319644748799e-07 6.0076951311521795e-07 3.0767529893304686e-06</location_covariance>
        <orientation>1</orientation>
        <reference x="170248.36546634391" y="2544472.747349252" z="198.16601595861511" yaw="185.40000000000001" pitch="0" roll="-0" enabled="true" rotation_enabled="false"/>
      </camera>
      <camera id="29" sensor_id="0" component_id="0" label="DJI_0187">
        <transform>-9.6163492961363817e-01 2.3609305427222968e-01 1.3970802364711354e-01 -4.8101886372842495e+00 2.0971577029656002e-01 9.6096955297503051e-01 -1.8043506849803331e-01 -7.4015814347432460e+00 -1.7685462345071137e-01 -1.4421368859917386e-01 -9.7361432517436164e-01 1.4278267308984349e-01 0 0 0 1</transform>
        <rotation_covariance>1.7593972077193077e-08 2.9828671170730272e-09 -2.0210117363334828e-09 2.9828671170730272e-09 9.2343107830459093e-09 -1.0407711481321338e-09 -2.0210117363334832e-09 -1.0407711481321334e-09 9.4804405780124542e-10</rotation_covariance>
        <location_covariance>7.7119115532029748e-07 2.7203670359493296e-07 -1.6145293298149083e-07 2.7203670359493296e-07 1.0521109218447231e-06 7.3471324275957404e-07 -1.6145293298149083e-07 7.3471324275957404e-07 3.2269449450134448e-06</location_covariance>
        <orientation>1</orientation>
        <reference x="170245.2678938738" y="2544435.3387389197" z="198.16601595661231" yaw="185.5" pitch="0" roll="-0" enabled="true" rotation_enabled="false"/>
      </camera>
      <camera id="30" sensor_id="0" component_id="0" label="DJI_0188">
        <transform>-9.5938825980382925e-01 2.4599045633815697e-01 1.3806832490157164e-01 -5.1848893857382476e+00 2.1774123097146930e-01 9.5694643184227213e-01 -1.9194343677076453e-01 -8.6001967770588337e+00 -1.7934024446735305e-01 -1.5408511276203257e-01 -9.7164543674094495e-01 2.1798155672186162e-01 0 0 0 1</transform>
        <rotation_covariance>1.3685408135141748e-08 2.4329403878086471e-09 -1.6045672638809300e-09 2.4329403878086480e-09 8.9463291722886076e-09 -9.7954627729316908e-10 -1.6045672638809304e-09 -9.7954627729316908e-10 8.9595559596338169e-10</rotation_covariance>
        <location_covariance>7.1657896166109213e-07 1.9286275357424242e-07 -1.2860545629174702e-07 1.9286275357424242e-07 8.5694751798367567e-07 8.1869847726534437e-07 -1.2860545629174702e-07 8.1869847726534437e-07 3.3995746125910162e-06</location_covariance>
        <orientation>1</orientation>
        <reference x="170242.90895483369" y="2544407.2532481393" z="198.06601595612892" yaw="185.30000000000001" pitch="0" roll="-0" enabled="true" rotation_enabled="false"/>
      </camera>
      <camera id="31" sensor_id="0" component_id="0" label="DJI_0189">
        <transform>-9.5577606901790468e-01 2.6119636546634872e-01 1.3516125391491191e-01 -5.5768216570190132e+00 2.3238588418909087e-01 9.5241537479020622e-01 -1.9723527750604497e-01 -9.8508158328488165e+00 -1.8024679393081056e-01 -1.5710319070726034e-01 -9.7099417132507138e-01 3.0147922426189805e-01 0 0 0 1</transform>
        <rotation_covariance>9.3589097828100394e-09 1.6326065144715589e-09 -1.1056848512059790e-09 1.6326065144715587e-09 8.5494126422305367e-09 -9.2302172029132194e-10 -1.1056848512059792e-09 -9.2302172029132173e-10 8.2741982280117089e-10</rotation_covariance>
        <location_covariance>6.4109766624338856e-07 8.8138503503998516e-08 -1.0192238527758744e-07 8.8138503503998516e-08 6.1810959532729272e-07 8.0981206412066174e-07 -1.0192238527758744e-07 8.0981206412066174e-07 3.5900109714472034e-06</location_covariance>
        <orientation>1</orientation>
        <reference x="170240.49244975959" y="2544379.0542443884" z="198.0660159562309" yaw="185.40000000000001" pitch="0" roll="-0" enabled="true" rotation_enabled="false"/>
      </camera>
      <camera id="32" sensor_id="0" component_id="0" label="DJI_0190">
        <transform>-9.5605526338703672e-01 2.6146657525633610e-01 1.3264073044757985e-01 -5.9615665108179208e+00 2.3287392824692962e-01 9.5208304206399652e-01 -1.9826148026535623e-01 -1.1078401880631889e+01 -1.7812374039635676e-01 -1.5866036378972881e-01 -9.7113275203203919e-01 3.8642062258510917e-01 0 0 0 1</transform>
        <rotation_covariance>6.5325135084817281e-09 9.0414083849599360e-10 -7.6657310775876475e-10 9.0414083849599391e-10 8.5176757057795256e-09 -8.8363788746953702e-10 -7.6657310775876485e-10 -8.8363788746953702e-10 8.2011444513178417e-10</rotation_covariance>
