<?xml version="1.0" encoding="UTF-8"?>
<document version="1.5.0">
  <chunk label="xy_vector" enabled="true">
    <sensors next_id="1">
      <sensor id="0" label="FC6310 (8.8mm)" type="frame">
        <resolution width="5472" height="3648"/>
        <property name="pixel_width" value="0.0024122807017543861"/>
        <property name="pixel_height" value="0.0024122807017543861"/>
        <property name="focal_length" value="8.8000000000000007"/>
        <property name="layer_index" value="0"/>
        <bands>
          <band label="Red"/>
          <band label="Green"/>
          <band label="Blue"/>
        </bands>
        <data_type>uint8</data_type>
        <calibration type="frame" class="adjusted">
          <resolution width="5472" height="3648"/>
          <f>3575.3218488415218</f>
          <cx>-33.088624041665504</cx>
          <cy>-53.357014429377152</cy>
          <b2>0.51870187459219741</b2>
          <k1>-0.022781467243866933</k1>
          <k2>0.0011356697876660775</k2>
          <p1>-0.0021293474760093823</p1>
          <p2>-0.0035234871364948164</p2>
        </calibration>
        <covariance>
          <params>f cx cy b2 k1 k2 p1 p2</params>
          <coeffs>6.2729996750037176e-01 -1.0444833945882129e-01 -1.0577321305183407e-01 -7.8515592932800384e-03 9.2627482967023412e-06 -1.2742621092512938e-06 -1.2383075005818544e-06 -1.5877647255467370e-06 -1.0444833945882129e-01 2.1290844577524660e-02 1.7666692736010795e-02 1.1550094759701277e-03 -1.7787267368999350e-06 3.0371294299024149e-07 4.5159712307068409e-07 2.6806294044589302e-07 -1.0577321305183407e-01 1.7666692736010795e-02 2.0524981519377188e-02 1.1896952897515222e-03 -1.3836968851194382e-06 2.5606189778611310e-07 1.7875299756000117e-07 4.0811077538979294e-07 -7.8515592932800384e-03 1.1550094759701277e-03 1.1896952897515222e-03 3.7714785630950489e-03 4.8061662808034210e-07 -1.0140158592800498e-07 -2.5803331376197609e-08 -2.7372174188980698e-08 9.2627482967023412e-06 -1.7787267368999350e-06 -1.3836968851194382e-06 4.8061662808034210e-07 4.9984042869858418e-09 -1.6535991448803921e-09 -3.5508306740390952e-10 -3.4540164931609640e-10 -1.2742621092512938e-06 3.0371294299024149e-07 2.5606189778611310e-07 -1.0140158592800498e-07 -1.6535991448803921e-09 1.7861443636590477e-09 3.0853046926766020e-11 2.7404169874967066e-11 -1.2383075005818544e-06 4.5159712307068409e-07 1.7875299756000117e-07 -2.5803331376197609e-08 -3.5508306740390952e-10 3.0853046926766020e-11 5.7129345151865808e-11 3.1101077188133670e-11 -1.5877647255467370e-06 2.6806294044589302e-07 4.0811077538979294e-07 -2.7372174188980698e-08 -3.4540164931609640e-10 2.7404169874967066e-11 3.1101077188133670e-11 4.9765545144204768e-11</coeffs>
        </covariance>
        <meta>
          <property name="Exif/BodySerialNumber" value="bd1fd5e42e5e29c01f18abf306ff667e"/>
          <property name="Exif/Make" value="DJI"/>
          <property name="Exif/Model" value="FC6310"/>
          <property name="Exif/Software" value="v01.04.1546"/>
        </meta>
      </sensor>
    </sensors>
    <components next_id="1" active_id="0">
      <component id="0" label="Component 1">
        <transform>
          <rotation locked="true">-7.6602671580101878e-01 3.4005590460467161e-01 -5.4549523593025395e-01 -6.1744113432844994e-01 -1.5320252660341754e-01 7.7155390704831905e-01 1.7880021341794303e-01 9.2784210272320977e-01 3.2732173178062995e-01</rotation>
          <translation locked="true">-2.9568712626208961e+06 5.0757933469048087e+06 2.4769094228888457e+06</translation>
          <scale locked="true">2.2116481555853092e+01</scale>
        </transform>
        <region>
          <center>-9.8563573623277350e+00 -1.4188773185536613e+01 -6.3577802394290783e+00</center>
          <size>2.0293801302134188e+01 1.0922727699298687e+01 3.8463407566813395e+00</size>
          <R>-2.2643026461205237e-01 -9.7168390692703444e-01 6.7525700934757613e-02 9.6990576053635713e-01 -2.1855873471121531e-01 1.0730747951481978e-01 -8.9510619180662040e-02 8.9791227302270904e-02 9.9193013088294013e-01</R>
        </region>
        <partition>
          <partition>
            <camera_ids>0 1 2 3 4 5 6 7 8 9 10 11 12 13 14 15 16 17 18 19 20 21 24 25 26 27 28 29 30 31 32 33 34 35 36 37 38 39 40 41 42 43 51 52 53 54 55 56 57 58 59 60 61 62 63 64 67 68 69 70 71 72 73 74 75 76 77 78 79 80 81 95 96 97 98 99 100 101 102 103 104 105 106 107 108 113 114 115 116 117 118 119 120 121 122 123 124 125 126</camera_ids>
          </partition>
          <partition>
            <camera_ids>44 45 46 47 48 49 50 82 83 84 85 86 87 88 89 90 91 92 93 94 127 128 129 130 131 132 133 134 135 136 137 138 139 140 141 142 143 144 145 146 147 148 149 150 151 152 153 159 160 161 162 163 164 165 166 167 168 169 170 171 172 173 174 175 176 177 178</camera_ids>
          </partition>
        </partition>
      </component>
    </components>
    <cameras next_id="202" next_group_id="0">
      <camera id="0" sensor_id="0" component_id="0" label="DJI_0158">
        <transform>9.8803387099014395e-01 -1.2482160450457450e-01 9.0601527719655142e-02 -8.0666744827860271e+00 -1.2050152470695290e-01 -9.9136586323404463e-01 -5.1702105929222197e-02 -2.5988578253928182e+01 9.6272801556470153e-02 4.0165809628594396e-02 -9.9454424507778838e-01 1.5914323774026840e+00 0 0 0 1</transform>
        <rotation_covariance>6.2928004915455416e-08 -9.8485589533655351e-09 1.9661913346991334e-09 -9.8485589533655368e-09 2.0634788108803722e-08 9.5757029129880744e-10 1.9661913346991326e-09 9.5757029129880786e-10 2.0458348626163697e-09</rotation_covariance>
        <location_covariance>1.5119865721471454e-06 -1.7515660170608584e-07 -9.7563006797215489e-07 -1.7515660170608584e-07 4.1506313725830073e-06 7.5001637324059485e-07 -9.7563006797215489e-07 7.5001637324059485e-07 3.5026697888683664e-06</location_covariance>
        <orientation>1</orientation>
        <reference x="170264.66830670324" y="2544016.7036028518" z="198.16601595268756" yaw="5.5999999999999996" pitch="0" roll="-0" enabled="true" rotation_enabled="false"/>
      </camera>
      <camera id="1" sensor_id="0" component_id="0" label="DJI_0159">
        <transform>9.9384214081541611e-01 -8.9445267305251666e-02 6.5401401331493830e-02 -7.6662303006421411e+00 -8.6919471341139809e-02 -9.9539170571126812e-01 -4.0501329644700934e-02 -2.4801154988553670e+01 6.8722664683551260e-02 3.4567272931257331e-02 -9.9703675910213452e-01 1.5059559046895008e+00 0 0 0 1</transform>
        <rotation_covariance>4.5581652697335768e-08 -9.9692600768720582e-09 8.2505140493356138e-10 -9.9692600768720549e-09 1.7009253077829075e-08 3.0340491933447271e-10 8.2505140493356138e-10 3.0340491933447271e-10 1.5007233662000339e-09</rotation_covariance>
        <location_covariance>1.1667972346666900e-06 -3.6609020117712889e-07 -8.7694924206945472e-07 -3.6609020117712889e-07 2.9506816031888352e-06 2.8559473998141381e-07 -8.7694924206945472e-07 2.8559473998141381e-07 3.5510434978762057e-06</location_covariance>
        <orientation>1</orientation>
        <reference x="170267.46872542141" y="2544044.2637901544" z="198.26601595430904" yaw="4.2000000000000002" pitch="0" roll="-0" enabled="true" rotation_enabled="false"/>
      </camera>
      <camera id="2" sensor_id="0" component_id="0" label="DJI_0160">
        <transform>9.9643733516155053e-01 -7.1222860384786299e-02 4.5165708837101505e-02 -7.2635462617570896e+00 -7.0090397917777311e-02 -9.9719698874584750e-01 -2.6182088456468300e-02 -2.3579193647832280e+01 4.6903872077646486e-02 2.2923127945896515e-02 -9.9863634872224605e-01 1.4206860814051270e+00 0 0 0 1</transform>
        <rotation_covariance>3.3653005938173747e-08 -9.5442590260217016e-09 1.4990430686507072e-10 -9.5442590260217033e-09 1.5185922787783406e-08 -2.4590369726347187e-10 1.4990430686507085e-10 -2.4590369726347192e-10 1.2583875702457229e-09</rotation_covariance>
        <location_covariance>1.0077836378201690e-06 -4.0981867876645600e-07 -7.7626603337243743e-07 -4.0981867876645600e-07 2.1471331792590417e-06 -1.3938302945261015e-08 -7.7626603337243743e-07 -1.3938302945261015e-08 3.7326907775832853e-06</location_covariance>
        <orientation>1</orientation>
        <reference x="170270.35802677175" y="2544073.5492542814" z="198.26601595227535" yaw="4" pitch="0" roll="-0" enabled="true" rotation_enabled="false"/>
      </camera>
      <camera id="3" sensor_id="0" component_id="0" label="DJI_0161">
        <transform>9.9797878005819762e-01 -5.8058060183882543e-02 2.5838270089856067e-02 -6.8643755568525737e+00 -5.7454207396940085e-02 -9.9807081467482928e-01 -2.3530043491483913e-02 -2.2349503619578400e+01 2.7154531959528872e-02 2.1997966769826578e-02 -9.9938917387174697e-01 1.3376480417818812e+00 0 0 0 1</transform>
        <rotation_covariance>2.6166101431515624e-08 -9.4909685064709879e-09 -1.8062386011408948e-11 -9.4909685064709879e-09 1.4088964302391119e-08 -2.7115270254833897e-10 -1.8062386011408919e-11 -2.7115270254833902e-10 1.1875154264060754e-09</rotation_covariance>
        <location_covariance>9.1665297508075574e-07 -4.4816958517292289e-07 -6.5867829016262933e-07 -4.4816958517292289e-07 1.6571048502745649e-06 -1.3821662357064550e-07 -6.5867829016262933e-07 -1.3821662357064550e-07 3.9349875404707493e-06</location_covariance>
        <orientation>1</orientation>
        <reference x="170273.11090098281" y="2544102.8877384188" z="198.26601595208808" yaw="3.8000000000000007" pitch="0" roll="-0" enabled="true" rotation_enabled="false"/>
      </camera>
      <camera id="4" sensor_id="0" component_id="0" label="DJI_0162">
        <transform>9.9839813792347876e-01 -5.5698254262410138e-02 9.9429705345043563e-03 -6.4823514310583521e+00 -5.5508286484665749e-02 -9.9828763480870797e-01 -1.8456118756997264e-02 -2.1159046799585990e+01 1.0953918133087492e-02 1.7874637343342825e-02 -9.9978023035934138e-01 1.2611170730097896e+00 0 0 0 1</transform>
        <rotation_covariance>2.0055919111153207e-08 -8.6593364112090464e-09 1.7255728658839758e-11 -8.6593364112090481e-09 1.4029571431392803e-08 -1.9416624546116538e-10 1.7255728658839780e-11 -1.9416624546116543e-10 1.1518488171970485e-09</rotation_covariance>
        <location_covariance>8.9916423332461962e-07 -4.2374533630520518e-07 -5.5096830159776067e-07 -4.2374533630520518e-07 1.2783690143264545e-06 -1.8792446275104820e-07 -5.5096830159776067e-07 -1.8792446275104820e-07 4.1461337538969689e-06</location_covariance>
        <orientation>1</orientation>
        <reference x="170275.71808092637" y="2544131.605604222" z="198.06601595392439" yaw="3.8000000000000007" pitch="0" roll="-0" enabled="true" rotation_enabled="false"/>
      </camera>
      <camera id="5" sensor_id="0" component_id="0" label="DJI_0163">
        <transform>9.9813562826864399e-01 -6.0930972599442211e-02 -3.5614826751916560e-03 -6.0899614520835641e+00 -6.0997766791487384e-02 -9.9786458965180325e-01 -2.3356651418601455e-02 -1.9888312518392389e+01 -2.1307339606305990e-03 2.3530348427610731e-02 -9.9972085237613406e-01 1.1843930416637223e+00 0 0 0 1</transform>
        <rotation_covariance>1.4641809254170573e-08 -8.0308732379295714e-09 5.7491528281808625e-12 -8.0308732379295714e-09 1.4364240534788524e-08 -1.2401248705976392e-10 5.7491528281808617e-12 -1.2401248705976381e-10 1.0399778013708650e-09</rotation_covariance>
        <location_covariance>8.8743143483910288e-07 -4.2030209395460623e-07 -4.3022331317713650e-07 -4.2030209395460623e-07 9.5129456717511283e-07 -1.2838751831026361e-07 -4.3022331317713650e-07 -1.2838751831026361e-07 4.3541728491206190e-06</location_covariance>
        <orientation>1</orientation>
        <reference x="170278.01411442587" y="2544160.7250268501" z="197.96601595551968" yaw="4.2999999999999998" pitch="0" roll="-0" enabled="true" rotation_enabled="false"/>
      </camera>
      <camera id="6" sensor_id="0" component_id="0" label="DJI_0164">
        <transform>9.9823121596971487e-01 -5.8549011272649130e-02 -1.0317593838637541e-02 -5.6928223500027428e+00 -5.8851525507747832e-02 -9.9775458937875872e-01 -3.1973071779791085e-02 -1.8596313029952899e+01 -8.4224348637904067e-03 3.2523724458000780e-02 -9.9943547562528789e-01 1.1082850938046922e+00 0 0 0 1</transform>
        <rotation_covariance>1.0758199396422988e-08 -7.4535747007527842e-09 1.3542204002862575e-10 -7.4535747007527858e-09 1.5501114008510667e-08 -1.8773824376728195e-10 1.3542204002862577e-10 -1.8773824376728179e-10 1.0198648890518220e-09</rotation_covariance>
        <location_covariance>9.4081621668626272e-07 -4.1614094511021694e-07 -3.3066415927826745e-07 -4.1614094511021694e-07 7.2475543595017016e-07 1.6707306439557832e-08 -3.3066415927826745e-07 1.6707306439557832e-08 4.5282193603975753e-06</location_covariance>
        <orientation>1</orientation>
        <reference x="170280.45551672729" y="2544190.4066239516" z="197.96601595449675" yaw="4.7999999999999998" pitch="0.099999999999993788" roll="-0" enabled="true" rotation_enabled="false"/>
      </camera>
      <camera id="7" sensor_id="0" component_id="0" label="DJI_0165">
        <transform>9.9763133812763360e-01 -6.7067968354003804e-02 -1.5284004924561858e-02 -5.2822264286173111e+00 -6.7580089468288224e-02 -9.9706773315230202e-01 -3.5900794057900476e-02 -1.7309376632697482e+01 -1.2831394823862634e-02 3.6848651636063545e-02 -9.9923847613043726e-01 1.0434848208031622e+00 0 0 0 1</transform>
        <rotation_covariance>7.4515562192632104e-09 -6.0825163275746136e-09 2.1446271644733880e-10 -6.0825163275746144e-09 1.5706593708914735e-08 -2.5415736347132952e-10 2.1446271644733870e-10 -2.5415736347132957e-10 9.7363658585378351e-10</rotation_covariance>
        <location_covariance>9.4815059099689976e-07 -3.5412573366057753e-07 -2.3824550714221409e-07 -3.5412573366057753e-07 5.5375749622375728e-07 1.8300496136295153e-07 -2.3824550714221409e-07 1.8300496136295153e-07 4.6435511165861934e-06</location_covariance>
        <orientation>1</orientation>
        <reference x="170283.09811042302" y="2544219.8995071556" z="197.96601595557129" yaw="5.2999999999999998" pitch="0" roll="-0" enabled="true" rotation_enabled="false"/>
      </camera>
      <camera id="8" sensor_id="0" component_id="0" label="DJI_0166">
        <transform>9.9855209541090284e-01 -4.9723240355169035e-02 -2.0525888996044742e-02 -4.8969050333665702e+00 -5.0505216891386380e-02 -9.9794153917546036e-01 -3.9520974872446102e-02 -1.6109721174659423e+01 -1.8518526325004291e-02 4.0500416747196122e-02 -9.9900789807991697e-01 9.7651773915695639e-01 0 0 0 1</transform>
        <rotation_covariance>5.9816669363310331e-09 -4.6341406447341497e-09 3.2817358353026700e-10 -4.6341406447341489e-09 1.5831793312394455e-08 -2.6645854437025754e-10 3.2817358353026705e-10 -2.6645854437025759e-10 9.9600131371978026e-10</rotation_covariance>
        <location_covariance>9.7625033493785703e-07 -2.6634012437298107e-07 -1.4901473601670895e-07 -2.6634012437298107e-07 4.9809012267145943e-07 3.7121870905873537e-07 -1.4901473601670895e-07 3.7121870905873537e-07 4.6875947326823873e-06</location_covariance>
        <orientation>1</orientation>
        <reference x="170284.85534528422" y="2544239.2517830748" z="198.06601595453935" yaw="4.4000000000000004" pitch="0" roll="-0" enabled="true" rotation_enabled="false"/>
      </camera>
      <camera id="9" sensor_id="0" component_id="0" label="DJI_0167">
        <transform>9.9910016775520560e-01 -3.0464662615280833e-02 -2.9508627946025726e-02 -4.4930131928014001e+00 -3.1559786937758259e-02 -9.9880241602358533e-01 -3.7386007996197290e-02 -1.4834504595044372e+01 -2.8334336765895248e-02 3.8283652871500262e-02 -9.9886511966473801e-01 8.9164865114325309e-01 0 0 0 1</transform>
        <rotation_covariance>5.2716562825375386e-09 -3.6516485685656253e-09 2.6756684483270287e-10 -3.6516485685656245e-09 1.6358214780150738e-08 -3.8527155473652049e-10 2.6756684483270277e-10 -3.8527155473652059e-10 9.6781148111089153e-10</rotation_covariance>
        <location_covariance>1.0181848254337060e-06 -2.0275713892045063e-07 -7.4103448176379387e-08 -2.0275713892045063e-07 4.6998083952154847e-07 5.2331481198850023e-07 -7.4103448176379387e-08 5.2331481198850023e-07 4.6856437338658589e-06</location_covariance>
        <orientation>1</orientation>
        <reference x="170288.10018402545" y="2544275.9828464948" z="198.16601595638934" yaw="3.6000000000000001" pitch="0.099999999999993788" roll="-0" enabled="true" rotation_enabled="false"/>
      </camera>
      <camera id="10" sensor_id="0" component_id="0" label="DJI_0168">
        <transform>9.9907303702965988e-01 -1.9678889443942429e-02 -3.8285871944946849e-02 -4.1138994569980936e+00 -2.0914957309575846e-02 -9.9926397009533119e-01 -3.2157155192206632e-02 -1.3605399670441690e+01 -3.7624875296409920e-02 3.2928094077400549e-02 -9.9874927253007750e-01 8.0145670117407275e-01 0 0 0 1</transform>
        <rotation_covariance>4.9639966632017261e-09 -2.5933320103574089e-09 1.5546737764717175e-10 -2.5933320103574089e-09 1.6903396005155271e-08 -6.5780934104994126e-10 1.5546737764717178e-10 -6.5780934104994137e-10 9.3806286037957383e-10</rotation_covariance>
        <location_covariance>1.0543473089471386e-06 -1.3889997590007370e-07 -1.3000436779133859e-08 -1.3889997590007370e-07 4.6886223143841999e-07 6.4708745168983477e-07 -1.3000436779133859e-08 6.4708745168983477e-07 4.6505718324244002e-06</location_covariance>
        <orientation>1</orientation>
        <reference x="170290.23446233806" y="2544302.5314297318" z="198.16601595611348" yaw="3.2000000000000002" pitch="0" roll="-0" enabled="true" rotation_enabled="false"/>
      </camera>
      <camera id="11" sensor_id="0" component_id="0" label="DJI_0169">
        <transform>9.9883435254028052e-01 -1.8639193108313905e-02 -4.4525460870264433e-02 -3.7382336603277442e+00 -1.9606820761143409e-02 -9.9957882402677034e-01 -2.1395025985006949e-02 -1.2391095181408152e+01 -4.4107921795056959e-02 2.2243089657907417e-02 -9.9877912282816139e-01 7.1302454589067876e-01 0 0 0 1</transform>
        <rotation_covariance>5.3451906162680432e-09 -7.6578587780844954e-10 -3.7239258803344928e-11 -7.6578587780844964e-10 1.8153068801092371e-08 -1.0776764881130623e-09 -3.7239258803344883e-11 -1.0776764881130623e-09 9.7217293107657100e-10</rotation_covariance>
        <location_covariance>1.1437041650739110e-06 -3.3842105732373806e-08 2.0460198357191328e-08 -3.3842105732373806e-08 5.3486974009696916e-07 7.8342136794278874e-07 2.0460198357191328e-08 7.8342136794278874e-07 4.5655719511427093e-06</location_covariance>
        <orientation>1</orientation>
        <reference x="170292.33398094826" y="2544329.5077897809" z="198.26601595760633" yaw="3.5000000000000004" pitch="0" roll="-0" enabled="true" rotation_enabled="false"/>
      </camera>
      <camera id="12" sensor_id="0" component_id="0" label="DJI_0170">
        <transform>9.9864564126999245e-01 -1.6294013225844291e-02 -4.9410406853634091e-02 -3.3570330696495061e+00 -1.6955837824258288e-02 -9.9977165907848475e-01 -1.3004970862327658e-02 -1.1159143629324607e+01 -4.9187221268568247e-02 1.3825152311947642e-02 -9.9869388824976202e-01 6.2518856514300680e-01 0 0 0 1</transform>
        <rotation_covariance>6.4555867265216577e-09 1.3203760542181502e-09 -4.1086511763111047e-10 1.3203760542181502e-09 1.9029012469179343e-08 -1.4984468830262956e-09 -4.1086511763111047e-10 -1.4984468830262952e-09 1.0303463141894127e-09</rotation_covariance>
        <location_covariance>1.2119595929143466e-06 9.2422563668848459e-08 2.6442837010547832e-08 9.2422563668848459e-08 6.4511204694173128e-07 8.8793230769024333e-07 2.6442837010547832e-08 8.8793230769024333e-07 4.4169414688436491e-06</location_covariance>
        <orientation>1</orientation>
        <reference x="170294.63082865509" y="2544357.1783253737" z="198.16601595618789" yaw="3.6000000000000001" pitch="0.099999999999993788" roll="-0" enabled="true" rotation_enabled="false"/>
      </camera>
      <camera id="13" sensor_id="0" component_id="0" label="DJI_0171">
        <transform>9.9848655264265140e-01 -1.6393819213831193e-02 -5.2496160653682775e-02 -2.9471441655019954e+00 -1.7046168248592994e-02 -9.9978265393030763e-01 -1.2003043285457482e-02 -9.8435878424781524e+00 -5.2287975097853150e-02 1.2879735698224204e-02 -9.9854898731534958e-01 5.4655271924428972e-01 0 0 0 1</transform>
        <rotation_covariance>9.6848071871070221e-09 4.2312537782111666e-09 -9.2155942600102822e-10 4.2312537782111658e-09 2.1006432619298863e-08 -1.8733462102598822e-09 -9.2155942600102812e-10 -1.8733462102598826e-09 1.1554935436601234e-09</rotation_covariance>
        <location_covariance>1.3606147383465303e-06 2.8198706708846190e-07 1.2617679122213860e-08 2.8198706708846190e-07 9.0578778939068467e-07 9.5137651441233304e-07 1.2617679122213860e-08 9.5137651441233304e-07 4.1926787481209903e-06</location_covariance>
        <orientation>1</orientation>
        <reference x="170296.9645571427" y="2544385.8976502288" z="198.06601595523159" yaw="4" pitch="0" roll="-0" enabled="true" rotation_enabled="false"/>
      </camera>
      <camera id="14" sensor_id="0" component_id="0" label="DJI_0172">
        <transform>9.9850411939992556e-01 -1.6023314264479178e-02 -5.2275969061912612e-02 -2.5695390184170730e+00 -1.6436143160031249e-02 -9.9983696235020814e-01 -7.4767584106485985e-03 -8.6330008676555003e+00 -5.2147643661082772e-02 8.3247893841217890e-03 -9.9860468712213968e-01 4.7368924605552976e-01 0 0 0 1</transform>
        <rotation_covariance>1.4268633502297540e-08 6.6669273945010996e-09 -1.4370275425158100e-09 6.6669273945010996e-09 2.2324222017910508e-08 -2.2816416666381570e-09 -1.4370275425158100e-09 -2.2816416666381566e-09 1.2922473169508369e-09</rotation_covariance>
        <location_covariance>1.4661364138175872e-06 4.3611839466387876e-07 -6.4751336021928713e-08 4.3611839466387876e-07 1.2193648202405862e-06 9.0651981638970706e-07 -6.4751336021928713e-08 9.0651981638970706e-07 4.0067381187603083e-06</location_covariance>
        <orientation>1</orientation>
        <reference x="170299.42612472616" y="2544415.096185348" z="198.06601595786205" yaw="4" pitch="0" roll="-0" enabled="true" rotation_enabled="false"/>
      </camera>
      <camera id="15" sensor_id="0" component_id="0" label="DJI_0173">
        <transform>9.9845754601006886e-01 -8.0745288218351703e-03 -5.4930235752786424e-02 -2.2021062538232150e+00 -8.4687874820812380e-03 -9.9993999748470208e-01 -6.9484580215778413e-03 -7.4664796051935562e+00 -5.4870834275912779e-02 7.4029328377097081e-03 -9.9846601751450004e-01 3.9264055569547263e-01 0 0 0 1</transform>
        <rotation_covariance>1.8937561252971442e-08 8.7177641416320184e-09 -2.0420283334102746e-09 8.7177641416320184e-09 2.3922823572470134e-08 -2.7518201005374297e-09 -2.0420283334102746e-09 -2.7518201005374301e-09 1.4479637076084089e-09</rotation_covariance>
        <location_covariance>1.5826223873660113e-06 5.6901899439531065e-07 -1.7877544850337608e-07 5.6901899439531065e-07 1.5297598319398155e-06 7.8944097607547064e-07 -1.7877544850337608e-07 7.8944097607547064e-07 3.8643983721279632e-06</location_covariance>
        <orientation>1</orientation>
        <reference x="170301.84564726945" y="2544443.8858099375" z="198.16601595749529" yaw="3.9000000000000008" pitch="0.099999999999993788" roll="-0" enabled="true" rotation_enabled="false"/>
      </camera>
      <camera id="16" sensor_id="0" component_id="0" label="DJI_0174">
        <transform>9.9826201114866908e-01 -2.5833010509173651e-02 -5.2968034374021158e-02 -1.8138250003170515e+00 -2.6156016022449349e-02 -9.9964321261792222e-01 -5.4138981106844342e-03 -6.2176707111861997e+00 -5.2809278760914138e-02 6.7899215718905115e-03 -9.9858153249586978e-01 3.1522490739303799e-01 0 0 0 1</transform>
        <rotation_covariance>2.4617501611825337e-08 1.1302864881657831e-08 -2.7624119602714333e-09 1.1302864881657831e-08 2.5097158641431777e-08 -3.2456639734580011e-09 -2.7624119602714329e-09 -3.2456639734580011e-09 1.6475639051756019e-09</rotation_covariance>
        <location_covariance>1.7198493946122198e-06 7.2948775838055488e-07 -3.5711353320907495e-07 7.2948775838055488e-07 1.8702400247939492e-06 5.9257374857074616e-07 -3.5711353320907495e-07 5.9257374857074616e-07 3.7965514597967920e-06</location_covariance>
        <orientation>1</orientation>
        <reference x="170304.24730968516" y="2544472.5309488797" z="198.16601595830159" yaw="4.4000000000000004" pitch="0" roll="-0" enabled="true" rotation_enabled="false"/>
      </camera>
      <camera id="17" sensor_id="0" component_id="0" label="DJI_0175">
        <transform>9.9857456028343372e-01 -1.1780342704081799e-02 -5.2058343044329151e-02 -1.4165071316229105e+00 -1.2052143583536181e-02 -9.9991531410835444e-01 -4.9102389587922374e-03 -4.9469769067054408e+00 -5.1996090139437345e-02 5.5306543342537595e-03 -9.9863197348815480e-01 2.3070096107980950e-01 0 0 0 1</transform>
        <rotation_covariance>3.3326732723265319e-08 1.4631676919231871e-08 -3.3987629675689684e-09 1.4631676919231874e-08 2.8620697771711411e-08 -4.0698409595683505e-09 -3.3987629675689684e-09 -4.0698409595683513e-09 2.0899515790529876e-09</rotation_covariance>
        <location_covariance>1.9765249110019396e-06 9.2785098489909467e-07 -6.2747059069210053e-07 9.2785098489909467e-07 2.4309014355483379e-06 2.4209104930665119e-07 -6.2747059069210053e-07 2.4209104930665119e-07 3.8547134313569886e-06</location_covariance>
        <orientation>1</orientation>
        <reference x="170306.69038302216" y="2544501.4681082247" z="198.16601595790021" yaw="3.6999999999999997" pitch="0" roll="-0" enabled="true" rotation_enabled="false"/>
      </camera>
      <camera id="18" sensor_id="0" component_id="0" label="DJI_0176">
        <transform>9.9818413307184017e-01 -3.5824717466839864e-02 -4.8425469559303651e-02 -1.0414442567793991e+00 -3.5552084339308954e-02 -9.9934681694970351e-01 6.4798728093809488e-03 -3.7300380815607852e+00 -4.8625978476002016e-02 -4.7464798447044432e-03 -9.9880577949185645e-01 1.5426277015100986e-01 0 0 0 1</transform>
        <rotation_covariance>4.9748002460936904e-08 2.0105507753755485e-08 -3.9540161627761797e-09 2.0105507753755482e-08 3.4456751683974921e-08 -5.8122253191346952e-09 -3.9540161627761788e-09 -5.8122253191346952e-09 3.2846560935919270e-09</rotation_covariance>
        <location_covariance>2.5008273617037174e-06 1.2551703056386470e-06 -1.0813050062051273e-06 1.2551703056386470e-06 3.3625460937840897e-06 -3.4151975220811346e-07 -1.0813050062051273e-06 -3.4151975220811346e-07 4.1668842182079610e-06</location_covariance>
        <orientation>1</orientation>
        <reference x="170309.08380431091" y="2544530.7100755791" z="198.16601595932934" yaw="4.7999999999999998" pitch="0.099999999999993788" roll="-0" enabled="true" rotation_enabled="false"/>
      </camera>
      <camera id="19" sensor_id="0" component_id="0" label="DJI_0177">
        <transform>9.9889894627916864e-01 -1.4275645583485614e-02 -4.4688936724223922e-02 -6.5658335546676094e-01 -1.4075877579916204e-02 -9.9988949643404901e-01 4.7816933423180941e-03 -2.4886028844338877e+00 -4.4752260196801168e-02 -4.1473924385652117e-03 -9.9898950662318697e-01 8.0169935926119831e-02 0 0 0 1</transform>
        <rotation_covariance>8.9722221692986832e-08 3.0029343515195459e-08 -4.1348064319598723e-09 3.0029343515195466e-08 5.4152365690505158e-08 -1.1315796888573894e-08 -4.1348064319598731e-09 -1.1315796888573894e-08 7.1791101733618789e-09</rotation_covariance>
        <location_covariance>3.9222016695629520e-06 1.6410010214779788e-06 -2.0647640012640696e-06 1.6410010214779788e-06 5.7821521916548897e-06 -1.7048753626428412e-06 -2.0647640012640696e-06 -1.7048753626428412e-06 5.2905544744246858e-06</location_covariance>
        <orientation>1</orientation>
        <reference x="170311.5254181223" y="2544559.9117978965" z="198.06601595796809" yaw="3.6000000000000001" pitch="0.099999999999993788" roll="-0" enabled="true" rotation_enabled="false"/>
      </camera>
      <camera id="20" sensor_id="0" component_id="0" label="DJI_0178">
        <transform>9.9904026006940971e-01 -1.5889964707185743e-02 -4.0817493578738755e-02 -2.7176775080724602e-01 -1.5767406095384601e-02 -9.9987016554132369e-01 3.3227948160251507e-03 -1.2717533080216485e+00 -4.0864993153911289e-02 -2.6760198001072153e-03 -9.9916109374442741e-01 1.0052584227960076e-03 0 0 0 1</transform>
        <rotation_covariance>4.0273626870787373e-07 -9.5710436528855947e-09 -1.6378258512921349e-09 -9.5710436528855947e-09 2.3763022934634328e-07 -8.1133578034253822e-08 -1.6378258512921358e-09 -8.1133578034253822e-08 5.0058874947112204e-08</rotation_covariance>
        <location_covariance>1.8069907711000032e-05 -3.5614703603281060e-06 -7.8626781933836696e-06 -3.5614703603281060e-06 2.6262654786515224e-05 -8.1509502729762711e-06 -7.8626781933836696e-06 -8.1509502729762711e-06 1.2476929088426940e-05</location_covariance>
        <orientation>1</orientation>
        <reference x="170314.03833204909" y="2544589.1346766595" z="198.06601595834414" yaw="3.8999999999999999" pitch="0" roll="-0" enabled="true" rotation_enabled="false"/>
      </camera>
      <camera id="21" sensor_id="0" component_id="0" label="DJI_0179">
        <transform>9.9910214180942925e-01 -1.6479998823643087e-02 -3.9029730598408516e-02 1.1575998606153508e-01 -1.5152705107419366e-02 -9.9930483599501829e-01 3.4062300052964845e-02 -2.7193415735889909e-01 -3.9563945199375762e-02 -3.3440310939692852e-02 -9.9865731852548800e-01 3.3132218142330638e-02 0 0 0 1</transform>
        <rotation_covariance>4.1477948606010857e-05 -6.2576415980906795e-06 -2.4165157513202849e-06 -6.2576415980906795e-06 1.8907448455992932e-05 -7.4553367843465127e-06 -2.4165157513202853e-06 -7.4553367843465119e-06 5.0025543013596649e-06</rotation_covariance>
        <location_covariance>1.4689845353876923e-03 -6.5133864547058009e-04 -6.7469987501250338e-04 -6.5133864547058009e-04 2.7990632083042867e-03 -8.2016811325985085e-04 -6.7469987501250338e-04 -8.2016811325985085e-04 8.9149022768642212e-04</location_covariance>
        <orientation>1</orientation>
        <reference x="170315.74349374051" y="2544608.3457324193" z="198.16601595841115" yaw="4.0999999999999996" pitch="0.099999999999993788" roll="-0" enabled="true" rotation_enabled="false"/>
      </camera>
      <camera id="24" sensor_id="0" component_id="0" label="DJI_0182">
        <transform>-9.9226829317999488e-01 9.4115302171736942e-02 8.0907009874190194e-02 -2.4550490258203981e+00 8.2516189248112951e-02 9.8721455861314822e-01 -1.3637629476641600e-01 6.6771897580995485e-02 -9.2707674232661436e-02 -1.2864573509980598e-01 -9.8734774116265700e-01 -3.0878337806532519e-01 0 0 0 1</transform>
        <rotation_covariance>8.8974717395237544e-06 -6.2856890332059579e-07 9.1370187442819723e-07 -6.2856890332059568e-07 2.0131239630348902e-06 6.4027697397310008e-07 9.1370187442819713e-07 6.4027697397309987e-07 5.1671863666882030e-07</rotation_covariance>
        <location_covariance>1.8265137277926962e-04 3.4616754413230883e-05 -3.1287508373131305e-05 3.4616754413230883e-05 4.9616126995771358e-04 -3.0948302451286607e-04 -3.1287508373131305e-05 -3.0948302451286607e-04 2.0522509857926762e-04</location_covariance>
        <orientation>1</orientation>
        <reference x="170260.31705011197" y="2544607.8829276883" z="198.26601595899567" yaw="185.5" pitch="0" roll="-0" enabled="true" rotation_enabled="false"/>
      </camera>
      <camera id="25" sensor_id="0" component_id="0" label="DJI_0183">
        <transform>-9.8210986103508890e-01 1.4801392744377834e-01 1.1641347920368579e-01 -3.2400706862934254e+00 1.3055764768069258e-01 9.8070819211922156e-01 -1.4548588434048176e-01 -2.3924340092540208e+00 -1.3570158985702133e-01 -1.2768445164903874e-01 -9.8248753646922193e-01 -1.4671787219498494e-01 0 0 0 1</transform>
        <rotation_covariance>6.2766461450764040e-08 1.1979472502576348e-08 -5.7962912993253189e-09 1.1979472502576348e-08 1.8310788134626400e-08 -6.0718829830286870e-10 -5.7962912993253147e-09 -6.0718829830286974e-10 2.8503763810583592e-09</rotation_covariance>
        <location_covariance>1.7666409974529315e-06 1.1531047864253262e-06 -8.0806406508403893e-07 1.1531047864253262e-06 3.4992393681158288e-06 -6.2079231176067742e-07 -8.0806406508403893e-07 -6.2079231176067742e-07 3.7154684113437193e-06</location_covariance>
        <orientation>1</orientation>
        <reference x="170255.76606724871" y="2544558.4633085071" z="198.16601595948515" yaw="185.40000000000001" pitch="0" roll="-0" enabled="true" rotation_enabled="false"/>
      </camera>
      <camera id="26" sensor_id="0" component_id="0" label="DJI_0184">
        <transform>-9.7721316700972127e-01 1.6952575695681835e-01 1.2773192220838397e-01 -3.6208209454019635e+00 1.4932641314073508e-01 9.7673711975177557e-01 -1.5390328533701741e-01 -3.6088977161186504e+00 -1.5085108074307393e-01 -1.3132256709043813e-01 -9.7979504734991585e-01 -7.3324915051479006e-02 0 0 0 1</transform>
        <rotation_covariance>4.7453185575988132e-08 8.3190879555737107e-09 -4.7073042749254853e-09 8.3190879555737124e-09 1.5379804371952684e-08 -1.2279410890660398e-09 -4.7073042749254845e-09 -1.2279410890660404e-09 1.8425658125542176e-09</rotation_covariance>
        <location_covariance>1.4321582895129301e-06 8.5013796172466313e-07 -5.5384166705981127e-07 8.5013796172466313e-07 2.6853924166221726e-06 4.7596898125032242e-09 -5.5384166705981127e-07 4.7596898125032242e-09 3.4551986646104348e-06</location_covariance>
        <orientation>1</orientation>
        <reference x="170253.25810426293" y="2544529.6587733123" z="198.06601595779537" yaw="185.30000000000001" pitch="0" roll="-0" enabled="true" rotation_enabled="false"/>
      </camera>
      <camera id="27" sensor_id="0" component_id="0" label="DJI_0185">
        <transform>-9.6965743311201513e-01 2.0374928451309271e-01 1.3509512008588465e-01 -4.0198554340640671e+00 1.8101780797469058e-01 9.6981234264877991e-01 -1.6339086033840478e-01 -4.8767503441125442e+00 -1.6430768578083857e-01 -1.3397853972367718e-01 -9.7726799563213806e-01 2.8125683983054842e-03 0 0 0 1</transform>
        <rotation_covariance>3.7935784679401746e-08 6.1758838693407106e-09 -4.0908705683666796e-09 6.1758838693407090e-09 1.4211956105121144e-08 -1.3031254203519499e-09 -4.0908705683666787e-09 -1.3031254203519497e-09 1.5371198616874443e-09</rotation_covariance>
        <location_covariance>1.2888165899336406e-06 6.5458023317229256e-07 -4.0297323555422731e-07 6.5458023317229256e-07 2.1744447450153350e-06 4.2000234037027184e-07 -4.0297323555422731e-07 4.2000234037027184e-07 3.4174803560612962e-06</location_covariance>
        <orientation>1</orientation>
        <reference x="170250.83980120925" y="2544501.1152404477" z="198.16601595760179" yaw="185.69999999999999" pitch="0.099999999999993788" roll="-0" enabled="true" rotation_enabled="false"/>
      </camera>
      <camera id="28" sensor_id="0" component_id="0" label="DJI_0186">
        <transform>-9.6630898706735091e-01 2.1726938885894370e-01 1.3798896397078994e-01 -4.4017113422702625e+00 1.9239223521441992e-01 9.6585857985984047e-01 -1.7350052317019488e-01 -6.0963194654418515e+00 -1.7097417741305310e-01 -1.4110710958698425e-01 -9.7511876932091546e-01 7.4742166597124030e-02 0 0 0 1</transform>
        <rotation_covariance>2.9201947634946166e-08 4.6269316891392472e-09 -3.2672368527261270e-09 4.6269316891392488e-09 1.3321104095095769e-08 -1.3936941004310726e-09 -3.2672368527261270e-09 -1.3936941004310718e-09 1.3570061621141970e-09</rotation_covariance>
        <location_covariance>1.1516556185133139e-06 4.6664366315602278e-07 -2.9348798750736661e-07 4.6664366315602278e-07 1.7258920857030984e-06 7.0185739078807672e-07 -2.9348798750736661e-07 7.0185739078807672e-07 3.5068458792347058e-06</location_covariance>
        <orientation>1</orientation>
        <reference x="170248.36546634391" y="2544472.747349252" z="198.16601595861511" yaw="185.40000000000001" pitch="0" roll="-0" enabled="true" rotation_enabled="false"/>
      </camera>
      <camera id="29" sensor_id="0" component_id="0" label="DJI_0187">
        <transform>-9.6168367437292046e-01 2.3608883430397659e-01 1.3937924078422992e-01 -4.8074007942408334e+00 2.0965770792803884e-01 9.6087592482801132e-01 -1.8100028340385407e-01 -7.3977114789381302e+00 -1.7665830280787831e-01 -1.4484308545078639e-01 -9.7355653387265395e-01 1.5195627806525289e-01 0 0 0 1</transform>
        <rotation_covariance>2.2232241815898350e-08 3.5033574585329125e-09 -2.5743827496324311e-09 3.5033574585329138e-09 1.2864456690788952e-08 -1.3792602241721892e-09 -2.5743827496324307e-09 -1.3792602241721890e-09 1.2488195311737577e-09</rotation_covariance>
        <location_covariance>1.0610971122230566e-06 3.1310442819990013e-07 -2.2359734256437976e-07 3.1310442819990013e-07 1.3556491421258771e-06 8.7271503994387057e-07 -2.2359734256437976e-07 8.7271503994387057e-07 3.6812710529775279e-06</location_covariance>
        <orientation>1</orientation>
        <reference x="170245.2678938738" y="2544435.3387389197" z="198.16601595661231" yaw="185.5" pitch="0" roll="-0" enabled="true" rotation_enabled="false"/>
      </camera>
      <camera id="30" sensor_id="0" component_id="0" label="DJI_0188">
        <transform>-9.5945058350492851e-01 2.4600151429291311e-01 1.3761479854160560e-01 -5.1811093516215063e+00 2.1774923807923230e-01 9.5686307926386538e-01 -1.9234946544658718e-01 -8.5973130267125093e+00 -1.7899677965809005e-01 -1.5458428932872742e-01 -9.7162948203765687e-01 2.2854864691567847e-01 0 0 0 1</transform>
        <rotation_covariance>1.6885808043448629e-08 3.0027686856360537e-09 -2.0552223534585201e-09 3.0027686856360541e-09 1.2439342975937599e-08 -1.3422434879817539e-09 -2.0552223534585205e-09 -1.3422434879817539e-09 1.1868631442031753e-09</rotation_covariance>
        <location_covariance>9.8933576209270471e-07 2.1690426090457310e-07 -1.7326010567441077e-07 2.1690426090457310e-07 1.0697305181189555e-06 9.6300462501302215e-07 -1.7326010567441077e-07 9.6300462501302215e-07 3.8838380744514015e-06</location_covariance>
        <orientation>1</orientation>
        <reference x="170242.90895483369" y="2544407.2532481393" z="198.06601595612892" yaw="185.30000000000001" pitch="0" roll="-0" enabled="true" rotation_enabled="false"/>
      </camera>
      <camera id="31" sensor_id="0" component_id="0" label="DJI_0189">
        <transform>-9.5581508901198786e-01 2.6125635609683090e-01 1.3476880950728479e-01 -5.5736946493943460e+00 2.3240713595101320e-01 9.5229625390220218e-01 -1.9778465047338684e-01 -9.8465284093471137e+00 -1.8001232951120916e-01 -1.5772432026430966e-01 -9.7093697015877900e-01 3.1257830670069725e-01 0 0 0 1</transform>
        <rotation_covariance>1.1539220013328536e-08 1.8778984212641457e-09 -1.3571311012540521e-09 1.8778984212641453e-09 1.1921142239892815e-08 -1.2702328514222119e-09 -1.3571311012540519e-09 -1.2702328514222123e-09 1.0696716946600264e-09</rotation_covariance>
        <location_covariance>8.8755428792027776e-07 7.7491127938467374e-08 -1.3834380214683603e-07 7.7491127938467374e-08 7.7933813661679198e-07 9.5709772454244383e-07 -1.3834380214683603e-07 9.5709772454244383e-07 4.1059440263450297e-06</location_covariance>
        <orientation>1</orientation>
        <reference x="170240.49244975959" y="2544379.0542443884" z="198.0660159562309" yaw="185.40000000000001" pitch="0" roll="-0" enabled="true" rotation_enabled="false"/>
      </camera>
      <camera id="32" sensor_id="0" component_id="0" label="DJI_0190">
        <transform>-9.5610116814632695e-01 2.6147472406623884e-01 1.3229332917314113e-01 -5.9587406359704227e+00 2.3284151486358995e-01 9.5198045595058256e-01 -1.9879144962535042e-01 -1.1074292411731994e+01 -1.7791960326298367e-01 -1.5926135803327762e-01 -9.7107179683694789e-01 3.9809892196484020e-01 0 0 0 1</transform>
        <rotation_covariance>7.9838377889649740e-09 8.4782068345581409e-10 -8.7623603781983139e-10 8.4782068345581337e-10 1.1746691894985157e-08 -1.1886163268313816e-09 -8.7623603781983160e-10 -1.1886163268313819e-09 1.0303658658477821e-09</rotation_covariance>
