%% ========== Exercise 03 ========== %%
% ===== Question 1 ===== %
x = 0.9235289111 (m)
y = 0.9124757580 (m)
var = 3.5103829887 (m)

% ===== Question 2 ===== %
x = 0.0000000238 (m)
y = 0.0000000080 (m)
var = 296.9444381219 (m)

% ===== Question 3 ===== %
x = 9.9999997656 (m)
y = 0.0000000083 (m)
var = 21354.7216720956 (m)

